   0 88.000000 129.428571 75.500000 min=58.00 smin= 0.00   0 88.000000  15 88.000000
   1 103.000000 194.142857 79.333333 min=68.00 smin=43.14   1 103.000000  24 103.000000
   2 104.000000 198.457143 79.133333 min=64.00 smin=25.89   2 104.000000  25 104.000000
   3 95.000000 159.628571 77.900000 min=65.00 smin=30.20   2 104.000000  25 95.000000
   4 89.000000 133.742857 79.000000 min=70.00 smin=51.77   2 104.000000  25 89.000000
   5 87.000000 125.114286 77.133333 min=63.00 smin=21.57   2 104.000000  25 87.000000
   6 88.000000 129.428571 77.400000 min=70.00 smin=51.77   2 104.000000  25 88.000000
   7 91.000000 142.371429 78.600000 min=62.00 smin=17.26   2 104.000000  25 91.000000
   8 95.000000 159.628571 79.533333 min=57.00 smin=-4.31   2 104.000000  25 95.000000
   9 86.000000 120.800000 76.933333 min=67.00 smin=38.83   2 104.000000  25 86.000000
  10 91.000000 142.371429 78.266667 min=69.00 smin=47.46   2 104.000000  25 91.000000
  11 92.000000 146.685714 78.766667 min=67.00 smin=38.83   2 104.000000  25 92.000000
  12 90.000000 138.057143 79.066667 min=54.00 smin=-17.26   2 104.000000  25 90.000000
  13 94.000000 155.314286 80.100000 min=69.00 smin=47.46   2 104.000000  25 94.000000
  14 89.000000 133.742857 76.733333 min=67.00 smin=38.83   2 104.000000  25 89.000000
  15 92.000000 146.685714 77.800000 min=64.00 smin=25.89   2 104.000000  25 92.000000
  16 88.000000 129.428571 75.166667 min=64.00 smin=25.89   2 104.000000  25 88.000000
  17 91.000000 142.371429 77.300000 min=60.00 smin= 8.63   2 104.000000  25 91.000000
  18 91.000000 142.371429 78.133333 min=63.00 smin=21.57   2 104.000000  25 91.000000
  19 89.000000 133.742857 79.066667 min=66.00 smin=34.51   2 104.000000  25 89.000000
  20 89.000000 133.742857 77.200000 min=64.00 smin=25.89   2 104.000000  25 89.000000
  21 91.000000 142.371429 79.066667 min=63.00 smin=21.57   2 104.000000  25 91.000000
  22 89.000000 133.742857 80.933333 min=68.00 smin=43.14   2 104.000000  25 89.000000
  23 90.000000 138.057143 76.066667 min=64.00 smin=25.89   2 104.000000  25 90.000000
  24 91.000000 142.371429 77.300000 min=66.00 smin=34.51   2 104.000000  25 91.000000
  25 88.000000 129.428571 78.033333 min=67.00 smin=38.83   2 104.000000  25 88.000000
  26 92.000000 146.685714 77.066667 min=62.00 smin=17.26   2 104.000000  25 92.000000
  27 92.000000 146.685714 77.800000 min=68.00 smin=43.14   2 104.000000  25 92.000000
  28 94.000000 155.314286 77.133333 min=63.00 smin=21.57   2 104.000000  25 94.000000
  29 89.000000 133.742857 78.066667 min=65.00 smin=30.20   2 104.000000  25 89.000000
  30 92.000000 146.685714 77.166667 min=56.00 smin=-8.63   2 104.000000  25 92.000000
  31 91.000000 142.371429 76.800000 min=64.00 smin=25.89   2 104.000000  25 91.000000
  32 93.000000 151.000000 78.733333 min=65.00 smin=30.20   2 104.000000  25 93.000000
  33 96.000000 163.942857 79.300000 min=62.00 smin=17.26   2 104.000000  25 96.000000
  34 93.000000 151.000000 77.033333 min=64.00 smin=25.89   2 104.000000  25 93.000000
  35 88.000000 129.428571 78.033333 min=65.00 smin=30.20   2 104.000000  25 88.000000
  36 95.000000 159.628571 79.000000 min=59.00 smin= 4.31   2 104.000000  25 95.000000
  37 89.000000 133.742857 78.566667 min=69.00 smin=47.46   2 104.000000  25 89.000000
  38 91.000000 142.371429 78.233333 min=67.00 smin=38.83   2 104.000000  25 91.000000
  39 84.000000 112.171429 76.900000 min=68.00 smin=43.14   2 104.000000  25 84.000000
  40 88.000000 129.428571 78.600000 min=68.00 smin=43.14   2 104.000000  25 88.000000
   0 88.000000 130.845238 75.800000 min=59.00 smin= 0.00   0 88.000000  25 88.000000
   1 91.000000 144.380952 78.233333 min=66.00 smin=31.58   1 91.000000  16 91.000000
   2 93.000000 153.404762 77.033333 min=65.00 smin=27.07   2 93.000000  14 93.000000
   3 93.000000 153.404762 76.700000 min=65.00 smin=27.07   2 93.000000  14 93.000000
   4 92.000000 148.892857 78.500000 min=66.00 smin=31.58   2 93.000000  14 92.000000
   5 90.000000 139.869048 79.633333 min=69.00 smin=45.12   2 93.000000  14 90.000000
   6 89.000000 135.357143 79.100000 min=63.00 smin=18.05   2 93.000000  14 89.000000
   7 86.000000 121.821429 77.500000 min=65.00 smin=27.07   2 93.000000  14 86.000000
   8 88.000000 130.845238 77.833333 min=62.00 smin=13.54   2 93.000000  14 88.000000
   9 92.000000 148.892857 77.066667 min=68.00 smin=40.61   2 93.000000  14 92.000000
  10 92.000000 148.892857 79.033333 min=66.00 smin=31.58   2 93.000000  14 92.000000
  11 87.000000 126.333333 78.366667 min=69.00 smin=45.12   2 93.000000  14 87.000000
  12 93.000000 153.404762 79.166667 min=71.00 smin=54.14   2 93.000000  14 93.000000
  13 92.000000 148.892857 78.133333 min=66.00 smin=31.58   2 93.000000  14 92.000000
  14 97.000000 171.452381 77.400000 min=66.00 smin=31.58  14 97.000000  19 97.000000
  15 89.000000 135.357143 78.100000 min=65.00 smin=27.07  14 97.000000  19 89.000000
  16 92.000000 148.892857 79.466667 min=68.00 smin=40.61  14 97.000000  19 92.000000
  17 92.000000 148.892857 78.366667 min=64.00 smin=22.56  14 97.000000  19 92.000000
  18 88.000000 130.845238 78.566667 min=69.00 smin=45.12  14 97.000000  19 88.000000
  19 90.000000 139.869048 78.700000 min=68.00 smin=40.61  14 97.000000  19 90.000000
  20 89.000000 135.357143 78.466667 min=69.00 smin=45.12  14 97.000000  19 89.000000
  21 92.000000 148.892857 78.600000 min=69.00 smin=45.12  14 97.000000  19 92.000000
  22 94.000000 157.916667 78.300000 min=66.00 smin=31.58  14 97.000000  19 94.000000
  23 86.000000 121.821429 77.266667 min=67.00 smin=36.10  14 97.000000  19 86.000000
  24 86.000000 121.821429 77.966667 min=68.00 smin=40.61  14 97.000000  19 86.000000
  25 87.000000 126.333333 76.266667 min=68.00 smin=40.61  14 97.000000  19 87.000000
  26 91.000000 144.380952 80.033333 min=66.00 smin=31.58  14 97.000000  19 91.000000
  27 89.000000 135.357143 78.333333 min=64.00 smin=22.56  14 97.000000  19 89.000000
  28 92.000000 148.892857 79.700000 min=70.00 smin=49.63  14 97.000000  19 92.000000
  29 91.000000 144.380952 78.566667 min=68.00 smin=40.61  14 97.000000  19 91.000000
  30 90.000000 139.869048 78.400000 min=66.00 smin=31.58  14 97.000000  19 90.000000
  31 91.000000 144.380952 78.533333 min=65.00 smin=27.07  14 97.000000  19 91.000000
  32 95.000000 162.428571 78.133333 min=66.00 smin=31.58  14 97.000000  19 95.000000
  33 90.000000 139.869048 77.933333 min=67.00 smin=36.10  14 97.000000  19 90.000000
  34 87.000000 126.333333 77.733333 min=63.00 smin=18.05  14 97.000000  19 87.000000
  35 86.000000 121.821429 76.566667 min=65.00 smin=27.07  14 97.000000  19 86.000000
  36 89.000000 135.357143 77.933333 min=65.00 smin=27.07  14 97.000000  19 89.000000
  37 86.000000 121.821429 77.933333 min=68.00 smin=40.61  14 97.000000  19 86.000000
  38 88.000000 130.845238 77.766667 min=66.00 smin=31.58  14 97.000000  19 88.000000
  39 89.000000 135.357143 79.433333 min=68.00 smin=40.61  14 97.000000  19 89.000000
  40 92.000000 148.892857 78.900000 min=61.00 smin= 9.02  14 97.000000  19 92.000000
   0 88.000000 139.751663 75.033333 min=60.00 smin= 0.00   0 88.000000   9 88.000000
   1 90.000000 149.733925 77.233333 min=64.00 smin=19.96   1 90.000000  17 90.000000
   2 89.000000 144.742794 77.500000 min=60.00 smin= 0.00   1 90.000000  17 89.000000
   3 86.000000 129.769401 76.166667 min=65.00 smin=24.96   1 90.000000  17 86.000000
   4 84.000000 119.787140 76.066667 min=66.00 smin=29.95   1 90.000000  17 84.000000
   5 88.000000 139.751663 77.966667 min=69.00 smin=44.92   1 90.000000  17 88.000000
   6 86.000000 129.769401 75.666667 min=61.00 smin= 4.99   1 90.000000  17 86.000000
   7 89.000000 144.742794 77.833333 min=66.00 smin=29.95   1 90.000000  17 89.000000
   8 92.000000 159.716186 78.233333 min=66.00 smin=29.95   8 92.000000  27 92.000000
   9 94.000000 169.698448 77.466667 min=66.00 smin=29.95   9 94.000000  11 94.000000
  10 88.000000 139.751663 78.233333 min=68.00 smin=39.93   9 94.000000  11 88.000000
  11 90.000000 149.733925 79.366667 min=68.00 smin=39.93   9 94.000000  11 90.000000
  12 92.000000 159.716186 78.766667 min=67.00 smin=34.94   9 94.000000  11 92.000000
  13 86.000000 129.769401 77.233333 min=69.00 smin=44.92   9 94.000000  11 86.000000
  14 88.000000 139.751663 77.233333 min=65.00 smin=24.96   9 94.000000  11 88.000000
  15 91.000000 154.725055 76.866667 min=60.00 smin= 0.00   9 94.000000  11 91.000000
  16 90.000000 149.733925 77.266667 min=60.00 smin= 0.00   9 94.000000  11 90.000000
  17 93.000000 164.707317 78.166667 min=69.00 smin=44.92   9 94.000000  11 93.000000
  18 87.000000 134.760532 79.266667 min=69.00 smin=44.92   9 94.000000  11 87.000000
  19 91.000000 154.725055 77.000000 min=66.00 smin=29.95   9 94.000000  11 91.000000
  20 94.000000 169.698448 78.566667 min=68.00 smin=39.93   9 94.000000  11 94.000000
  21 91.000000 154.725055 79.266667 min=62.00 smin= 9.98   9 94.000000  11 91.000000
  22 90.000000 149.733925 77.800000 min=61.00 smin= 4.99   9 94.000000  11 90.000000
  23 90.000000 149.733925 78.133333 min=69.00 smin=44.92   9 94.000000  11 90.000000
  24 90.000000 149.733925 77.200000 min=67.00 smin=34.94   9 94.000000  11 90.000000
  25 88.000000 139.751663 78.766667 min=72.00 smin=59.89   9 94.000000  11 88.000000
  26 89.000000 144.742794 78.100000 min=70.00 smin=49.91   9 94.000000  11 89.000000
  27 92.000000 159.716186 77.600000 min=63.00 smin=14.97   9 94.000000  11 92.000000
  28 86.000000 129.769401 76.333333 min=65.00 smin=24.96   9 94.000000  11 86.000000
  29 90.000000 149.733925 77.933333 min=70.00 smin=49.91   9 94.000000  11 90.000000
  30 95.000000 174.689579 77.900000 min=65.00 smin=24.96  30 95.000000  17 95.000000
  31 85.000000 124.778271 75.566667 min=60.00 smin= 0.00  30 95.000000  17 85.000000
  32 89.000000 144.742794 76.133333 min=59.00 smin=-4.99  30 95.000000  17 89.000000
  33 89.000000 144.742794 76.033333 min=64.00 smin=19.96  30 95.000000  17 89.000000
  34 89.000000 144.742794 76.066667 min=61.00 smin= 4.99  30 95.000000  17 89.000000
  35 93.000000 164.707317 76.866667 min=64.00 smin=19.96  30 95.000000  17 93.000000
  36 86.000000 129.769401 75.566667 min=65.00 smin=24.96  30 95.000000  17 86.000000
  37 87.000000 134.760532 77.066667 min=68.00 smin=39.93  30 95.000000  17 87.000000
  38 86.000000 129.769401 76.733333 min=64.00 smin=19.96  30 95.000000  17 86.000000
  39 89.000000 144.742794 77.633333 min=67.00 smin=34.94  30 95.000000  17 89.000000
  40 90.000000 149.733925 77.566667 min=60.00 smin= 0.00  30 95.000000  17 90.000000
