   0 88.000000 129.428571 75.500000 min=58.00 smin= 0.00   0 88.000000  15 88.000000
   1 88.000000 129.428571 72.833333 min=62.00 smin=17.26   0 88.000000  15 88.000000
   2 90.000000 138.057143 78.800000 min=71.00 smin=56.09   2 90.000000  29 90.000000
   3 84.000000 112.171429 74.966667 min=65.00 smin=30.20   2 90.000000  29 84.000000
   4 85.000000 116.485714 77.333333 min=69.00 smin=47.46   2 90.000000  29 85.000000
   5 86.000000 120.800000 75.633333 min=66.00 smin=34.51   2 90.000000  29 86.000000
   6 89.000000 133.742857 76.466667 min=66.00 smin=34.51   2 90.000000  29 89.000000
   7 88.000000 129.428571 77.033333 min=64.00 smin=25.89   2 90.000000  29 88.000000
   8 87.000000 125.114286 76.400000 min=65.00 smin=30.20   2 90.000000  29 87.000000
   9 86.000000 120.800000 76.333333 min=65.00 smin=30.20   2 90.000000  29 86.000000
  10 86.000000 120.800000 76.900000 min=66.00 smin=34.51   2 90.000000  29 86.000000
  11 89.000000 133.742857 76.800000 min=68.00 smin=43.14   2 90.000000  29 89.000000
  12 91.000000 142.371429 75.066667 min=65.00 smin=30.20  12 91.000000   1 91.000000
  13 91.000000 142.371429 78.666667 min=67.00 smin=38.83  12 91.000000   1 91.000000
  14 86.000000 120.800000 76.633333 min=65.00 smin=30.20  12 91.000000   1 86.000000
  15 86.000000 120.800000 77.266667 min=68.00 smin=43.14  12 91.000000   1 86.000000
  16 87.000000 125.114286 75.266667 min=63.00 smin=21.57  12 91.000000   1 87.000000
  17 88.000000 129.428571 79.333333 min=69.00 smin=47.46  12 91.000000   1 88.000000
  18 81.000000 99.228571 74.100000 min=65.00 smin=30.20  12 91.000000   1 81.000000
  19 87.000000 125.114286 79.033333 min=67.00 smin=38.83  12 91.000000   1 87.000000
  20 87.000000 125.114286 73.666667 min=67.00 smin=38.83  12 91.000000   1 87.000000
  21 89.000000 133.742857 79.533333 min=66.00 smin=34.51  12 91.000000   1 89.000000
  22 84.000000 112.171429 76.133333 min=68.00 smin=43.14  12 91.000000   1 84.000000
  23 89.000000 133.742857 77.166667 min=64.00 smin=25.89  12 91.000000   1 89.000000
  24 84.000000 112.171429 74.366667 min=63.00 smin=21.57  12 91.000000   1 84.000000
  25 93.000000 151.000000 78.200000 min=68.00 smin=43.14  25 93.000000  17 93.000000
  26 91.000000 142.371429 76.800000 min=59.00 smin= 4.31  25 93.000000  17 91.000000
  27 87.000000 125.114286 76.733333 min=66.00 smin=34.51  25 93.000000  17 87.000000
  28 87.000000 125.114286 76.966667 min=64.00 smin=25.89  25 93.000000  17 87.000000
  29 91.000000 142.371429 76.166667 min=61.00 smin=12.94  25 93.000000  17 91.000000
  30 87.000000 125.114286 77.000000 min=61.00 smin=12.94  25 93.000000  17 87.000000
  31 86.000000 120.800000 76.933333 min=65.00 smin=30.20  25 93.000000  17 86.000000
  32 88.000000 129.428571 77.000000 min=68.00 smin=43.14  25 93.000000  17 88.000000
  33 88.000000 129.428571 77.500000 min=64.00 smin=25.89  25 93.000000  17 88.000000
  34 84.000000 112.171429 75.966667 min=70.00 smin=51.77  25 93.000000  17 84.000000
  35 88.000000 129.428571 78.433333 min=65.00 smin=30.20  25 93.000000  17 88.000000
  36 89.000000 133.742857 75.233333 min=60.00 smin= 8.63  25 93.000000  17 89.000000
  37 89.000000 133.742857 78.066667 min=69.00 smin=47.46  25 93.000000  17 89.000000
  38 83.000000 107.857143 75.200000 min=68.00 smin=43.14  25 93.000000  17 83.000000
  39 93.000000 151.000000 78.566667 min=67.00 smin=38.83  25 93.000000  17 93.000000
  40 85.000000 116.485714 75.033333 min=60.00 smin= 8.63  25 93.000000  17 85.000000
   0 88.000000 129.428571 75.500000 min=58.00 smin= 0.00   0 88.000000  15 88.000000
   1 91.000000 142.371429 74.266667 min=63.00 smin=21.57   1 91.000000  18 91.000000
   2 88.000000 129.428571 77.700000 min=66.00 smin=34.51   1 91.000000  18 88.000000
   3 85.000000 116.485714 75.966667 min=63.00 smin=21.57   1 91.000000  18 85.000000
   4 94.000000 155.314286 77.800000 min=61.00 smin=12.94   4 94.000000  29 94.000000
   5 91.000000 142.371429 76.400000 min=66.00 smin=34.51   4 94.000000  29 91.000000
   6 92.000000 146.685714 78.033333 min=70.00 smin=51.77   4 94.000000  29 92.000000
   7 88.000000 129.428571 76.100000 min=67.00 smin=38.83   4 94.000000  29 88.000000
   8 88.000000 129.428571 76.000000 min=64.00 smin=25.89   4 94.000000  29 88.000000
   9 88.000000 129.428571 76.700000 min=66.00 smin=34.51   4 94.000000  29 88.000000
  10 88.000000 129.428571 76.500000 min=68.00 smin=43.14   4 94.000000  29 88.000000
  11 92.000000 146.685714 76.300000 min=68.00 smin=43.14   4 94.000000  29 92.000000
  12 94.000000 155.314286 79.100000 min=64.00 smin=25.89   4 94.000000  29 94.000000
  13 86.000000 120.800000 76.433333 min=67.00 smin=38.83   4 94.000000  29 86.000000
  14 85.000000 116.485714 76.066667 min=68.00 smin=43.14   4 94.000000  29 85.000000
  15 89.000000 133.742857 77.266667 min=65.00 smin=30.20   4 94.000000  29 89.000000
  16 92.000000 146.685714 76.433333 min=61.00 smin=12.94   4 94.000000  29 92.000000
  17 97.000000 168.257143 77.966667 min=65.00 smin=30.20  17 97.000000  17 97.000000
  18 86.000000 120.800000 77.566667 min=66.00 smin=34.51  17 97.000000  17 86.000000
  19 86.000000 120.800000 77.300000 min=63.00 smin=21.57  17 97.000000  17 86.000000
  20 91.000000 142.371429 77.300000 min=61.00 smin=12.94  17 97.000000  17 91.000000
  21 86.000000 120.800000 75.733333 min=62.00 smin=17.26  17 97.000000  17 86.000000
  22 98.000000 172.571429 77.833333 min=65.00 smin=30.20  22 98.000000  24 98.000000
  23 95.000000 159.628571 75.766667 min=61.00 smin=12.94  22 98.000000  24 95.000000
  24 91.000000 142.371429 78.500000 min=65.00 smin=30.20  22 98.000000  24 91.000000
  25 93.000000 151.000000 77.666667 min=63.00 smin=21.57  22 98.000000  24 93.000000
  26 84.000000 112.171429 76.800000 min=63.00 smin=21.57  22 98.000000  24 84.000000
  27 91.000000 142.371429 78.433333 min=64.00 smin=25.89  22 98.000000  24 91.000000
  28 91.000000 142.371429 76.733333 min=64.00 smin=25.89  22 98.000000  24 91.000000
  29 91.000000 142.371429 78.133333 min=62.00 smin=17.26  22 98.000000  24 91.000000
  30 89.000000 133.742857 76.033333 min=63.00 smin=21.57  22 98.000000  24 89.000000
  31 87.000000 125.114286 77.466667 min=69.00 smin=47.46  22 98.000000  24 87.000000
  32 85.000000 116.485714 76.400000 min=69.00 smin=47.46  22 98.000000  24 85.000000
  33 87.000000 125.114286 77.900000 min=66.00 smin=34.51  22 98.000000  24 87.000000
  34 85.000000 116.485714 75.466667 min=62.00 smin=17.26  22 98.000000  24 85.000000
  35 89.000000 133.742857 78.600000 min=68.00 smin=43.14  22 98.000000  24 89.000000
  36 90.000000 138.057143 76.633333 min=67.00 smin=38.83  22 98.000000  24 90.000000
  37 90.000000 138.057143 76.766667 min=62.00 smin=17.26  22 98.000000  24 90.000000
  38 90.000000 138.057143 75.866667 min=60.00 smin= 8.63  22 98.000000  24 90.000000
  39 88.000000 129.428571 77.366667 min=65.00 smin=30.20  22 98.000000  24 88.000000
  40 89.000000 133.742857 77.700000 min=69.00 smin=47.46  22 98.000000  24 89.000000
   0 92.000000 199.210191 74.466667 min=64.00 smin= 0.00   0 92.000000  17 92.000000
   1 85.000000 149.407643 76.433333 min=67.00 smin=21.34   0 92.000000  17 85.000000
   2 84.000000 142.292994 74.266667 min=64.00 smin= 0.00   0 92.000000  17 84.000000
   3 95.000000 220.554140 78.100000 min=62.00 smin=-14.23   3 95.000000   4 95.000000
   4 86.000000 156.522293 75.400000 min=63.00 smin=-7.11   3 95.000000   4 86.000000
   5 88.000000 170.751592 76.833333 min=66.00 smin=14.23   3 95.000000   4 88.000000
   6 89.000000 177.866242 75.300000 min=59.00 smin=-35.57   3 95.000000   4 89.000000
   7 94.000000 213.439490 78.733333 min=59.00 smin=-35.57   3 95.000000   4 94.000000
   8 90.000000 184.980892 76.833333 min=66.00 smin=14.23   3 95.000000   4 90.000000
   9 90.000000 184.980892 75.333333 min=64.00 smin= 0.00   3 95.000000   4 90.000000
  10 89.000000 177.866242 78.133333 min=68.00 smin=28.46   3 95.000000   4 89.000000
  11 87.000000 163.636943 76.000000 min=62.00 smin=-14.23   3 95.000000   4 87.000000
  12 85.000000 149.407643 74.600000 min=52.00 smin=-85.38   3 95.000000   4 85.000000
  13 90.000000 184.980892 77.533333 min=68.00 smin=28.46   3 95.000000   4 90.000000
  14 93.000000 206.324841 78.900000 min=64.00 smin= 0.00   3 95.000000   4 93.000000
  15 87.000000 163.636943 75.566667 min=66.00 smin=14.23   3 95.000000   4 87.000000
  16 89.000000 177.866242 76.700000 min=57.00 smin=-49.80   3 95.000000   4 89.000000
  17 87.000000 163.636943 77.700000 min=69.00 smin=35.57   3 95.000000   4 87.000000
  18 91.000000 192.095541 76.133333 min=66.00 smin=14.23   3 95.000000   4 91.000000
  19 95.000000 220.554140 77.466667 min=62.00 smin=-14.23   3 95.000000   4 95.000000
  20 89.000000 177.866242 76.400000 min=66.00 smin=14.23   3 95.000000   4 89.000000
  21 92.000000 199.210191 77.966667 min=68.00 smin=28.46   3 95.000000   4 92.000000
  22 91.000000 192.095541 78.733333 min=63.00 smin=-7.11   3 95.000000   4 91.000000
  23 87.000000 163.636943 75.400000 min=60.00 smin=-28.46   3 95.000000   4 87.000000
  24 90.000000 184.980892 78.766667 min=66.00 smin=14.23   3 95.000000   4 90.000000
  25 85.000000 149.407643 76.266667 min=64.00 smin= 0.00   3 95.000000   4 85.000000
  26 87.000000 163.636943 75.633333 min=65.00 smin= 7.11   3 95.000000   4 87.000000
  27 88.000000 170.751592 76.800000 min=63.00 smin=-7.11   3 95.000000   4 88.000000
  28 94.000000 213.439490 75.800000 min=66.00 smin=14.23   3 95.000000   4 94.000000
  29 86.000000 156.522293 76.400000 min=59.00 smin=-35.57   3 95.000000   4 86.000000
  30 87.000000 163.636943 75.866667 min=67.00 smin=21.34   3 95.000000   4 87.000000
  31 84.000000 142.292994 77.633333 min=65.00 smin= 7.11   3 95.000000   4 84.000000
  32 91.000000 192.095541 77.266667 min=64.00 smin= 0.00   3 95.000000   4 91.000000
  33 88.000000 170.751592 77.233333 min=66.00 smin=14.23   3 95.000000   4 88.000000
  34 90.000000 184.980892 77.433333 min=61.00 smin=-21.34   3 95.000000   4 90.000000
  35 87.000000 163.636943 75.666667 min=61.00 smin=-21.34   3 95.000000   4 87.000000
  36 86.000000 156.522293 76.700000 min=68.00 smin=28.46   3 95.000000   4 86.000000
  37 83.000000 135.178344 75.966667 min=65.00 smin= 7.11   3 95.000000   4 83.000000
  38 90.000000 184.980892 77.733333 min=68.00 smin=28.46   3 95.000000   4 90.000000
  39 85.000000 149.407643 75.866667 min=60.00 smin=-28.46   3 95.000000   4 85.000000
  40 89.000000 177.866242 77.033333 min=66.00 smin=14.23   3 95.000000   4 89.000000
