   0 88.000000 129.428571 75.500000 min=58.00 smin= 0.00   0 88.000000  15 88.000000
   1 103.000000 194.142857 79.333333 min=68.00 smin=43.14   1 103.000000  24 103.000000
   2 104.000000 198.457143 79.133333 min=64.00 smin=25.89   2 104.000000  25 104.000000
   3 95.000000 159.628571 77.900000 min=65.00 smin=30.20   2 104.000000  25 95.000000
   4 89.000000 133.742857 79.000000 min=70.00 smin=51.77   2 104.000000  25 89.000000
   5 87.000000 125.114286 77.133333 min=63.00 smin=21.57   2 104.000000  25 87.000000
   6 88.000000 129.428571 77.400000 min=70.00 smin=51.77   2 104.000000  25 88.000000
   7 91.000000 142.371429 78.600000 min=62.00 smin=17.26   2 104.000000  25 91.000000
   8 95.000000 159.628571 79.533333 min=57.00 smin=-4.31   2 104.000000  25 95.000000
   9 86.000000 120.800000 76.933333 min=67.00 smin=38.83   2 104.000000  25 86.000000
  10 91.000000 142.371429 78.266667 min=69.00 smin=47.46   2 104.000000  25 91.000000
  11 92.000000 146.685714 78.766667 min=67.00 smin=38.83   2 104.000000  25 92.000000
  12 90.000000 138.057143 79.066667 min=54.00 smin=-17.26   2 104.000000  25 90.000000
  13 94.000000 155.314286 80.100000 min=69.00 smin=47.46   2 104.000000  25 94.000000
  14 89.000000 133.742857 76.733333 min=67.00 smin=38.83   2 104.000000  25 89.000000
  15 92.000000 146.685714 77.800000 min=64.00 smin=25.89   2 104.000000  25 92.000000
  16 88.000000 129.428571 75.166667 min=64.00 smin=25.89   2 104.000000  25 88.000000
  17 91.000000 142.371429 77.300000 min=60.00 smin= 8.63   2 104.000000  25 91.000000
  18 91.000000 142.371429 78.133333 min=63.00 smin=21.57   2 104.000000  25 91.000000
  19 89.000000 133.742857 79.066667 min=66.00 smin=34.51   2 104.000000  25 89.000000
  20 89.000000 133.742857 77.200000 min=64.00 smin=25.89   2 104.000000  25 89.000000
  21 91.000000 142.371429 79.066667 min=63.00 smin=21.57   2 104.000000  25 91.000000
  22 89.000000 133.742857 80.933333 min=68.00 smin=43.14   2 104.000000  25 89.000000
  23 90.000000 138.057143 76.066667 min=64.00 smin=25.89   2 104.000000  25 90.000000
  24 91.000000 142.371429 77.300000 min=66.00 smin=34.51   2 104.000000  25 91.000000
  25 88.000000 129.428571 78.033333 min=67.00 smin=38.83   2 104.000000  25 88.000000
  26 92.000000 146.685714 77.066667 min=62.00 smin=17.26   2 104.000000  25 92.000000
  27 92.000000 146.685714 77.800000 min=68.00 smin=43.14   2 104.000000  25 92.000000
  28 94.000000 155.314286 77.133333 min=63.00 smin=21.57   2 104.000000  25 94.000000
  29 89.000000 133.742857 78.066667 min=65.00 smin=30.20   2 104.000000  25 89.000000
  30 92.000000 146.685714 77.166667 min=56.00 smin=-8.63   2 104.000000  25 92.000000
  31 91.000000 142.371429 76.800000 min=64.00 smin=25.89   2 104.000000  25 91.000000
  32 93.000000 151.000000 78.733333 min=65.00 smin=30.20   2 104.000000  25 93.000000
  33 96.000000 163.942857 79.300000 min=62.00 smin=17.26   2 104.000000  25 96.000000
  34 93.000000 151.000000 77.033333 min=64.00 smin=25.89   2 104.000000  25 93.000000
  35 88.000000 129.428571 78.033333 min=65.00 smin=30.20   2 104.000000  25 88.000000
  36 95.000000 159.628571 79.000000 min=59.00 smin= 4.31   2 104.000000  25 95.000000
  37 89.000000 133.742857 78.566667 min=69.00 smin=47.46   2 104.000000  25 89.000000
  38 91.000000 142.371429 78.233333 min=67.00 smin=38.83   2 104.000000  25 91.000000
  39 84.000000 112.171429 76.900000 min=68.00 smin=43.14   2 104.000000  25 84.000000
  40 88.000000 129.428571 78.600000 min=68.00 smin=43.14   2 104.000000  25 88.000000
   0 86.000000 112.259819 75.066667 min=53.00 smin=-0.00   0 86.000000   7 86.000000
   1 91.000000 129.268882 77.800000 min=66.00 smin=44.22   1 91.000000  29 91.000000
   2 94.000000 139.474320 79.233333 min=67.00 smin=47.63   2 94.000000  11 94.000000
   3 86.000000 112.259819 77.866667 min=64.00 smin=37.42   2 94.000000  11 86.000000
   4 89.000000 122.465257 78.433333 min=68.00 smin=51.03   2 94.000000  11 89.000000
   5 90.000000 125.867069 77.666667 min=67.00 smin=47.63   2 94.000000  11 90.000000
   6 92.000000 132.670695 79.366667 min=67.00 smin=47.63   2 94.000000  11 92.000000
   7 96.000000 146.277946 77.533333 min=56.00 smin=10.21   7 96.000000  17 96.000000
   8 90.000000 125.867069 77.633333 min=68.00 smin=51.03   7 96.000000  17 90.000000
   9 87.000000 115.661631 77.433333 min=71.00 smin=61.23   7 96.000000  17 87.000000
  10 88.000000 119.063444 76.366667 min=64.00 smin=37.42   7 96.000000  17 88.000000
  11 94.000000 139.474320 77.500000 min=66.00 smin=44.22   7 96.000000  17 94.000000
  12 92.000000 132.670695 77.833333 min=61.00 smin=27.21   7 96.000000  17 92.000000
  13 93.000000 136.072508 78.066667 min=65.00 smin=40.82   7 96.000000  17 93.000000
  14 91.000000 129.268882 76.600000 min=58.00 smin=17.01   7 96.000000  17 91.000000
  15 95.000000 142.876133 78.866667 min=66.00 smin=44.22   7 96.000000  17 95.000000
  16 92.000000 132.670695 78.633333 min=63.00 smin=34.02   7 96.000000  17 92.000000
  17 90.000000 125.867069 77.900000 min=67.00 smin=47.63   7 96.000000  17 90.000000
  18 90.000000 125.867069 77.233333 min=63.00 smin=34.02   7 96.000000  17 90.000000
  19 91.000000 129.268882 76.800000 min=59.00 smin=20.41   7 96.000000  17 91.000000
  20 90.000000 125.867069 77.700000 min=63.00 smin=34.02   7 96.000000  17 90.000000
  21 95.000000 142.876133 79.900000 min=65.00 smin=40.82   7 96.000000  17 95.000000
  22 88.000000 119.063444 76.200000 min=64.00 smin=37.42   7 96.000000  17 88.000000
  23 87.000000 115.661631 77.533333 min=65.00 smin=40.82   7 96.000000  17 87.000000
  24 89.000000 122.465257 77.100000 min=64.00 smin=37.42   7 96.000000  17 89.000000
  25 88.000000 119.063444 76.633333 min=66.00 smin=44.22   7 96.000000  17 88.000000
  26 85.000000 108.858006 77.833333 min=68.00 smin=51.03   7 96.000000  17 85.000000
  27 96.000000 146.277946 75.700000 min=60.00 smin=23.81   7 96.000000  17 96.000000
  28 88.000000 119.063444 77.100000 min=65.00 smin=40.82   7 96.000000  17 88.000000
  29 92.000000 132.670695 77.900000 min=67.00 smin=47.63   7 96.000000  17 92.000000
  30 91.000000 129.268882 77.566667 min=67.00 smin=47.63   7 96.000000  17 91.000000
  31 89.000000 122.465257 78.166667 min=68.00 smin=51.03   7 96.000000  17 89.000000
  32 89.000000 122.465257 79.766667 min=70.00 smin=57.83   7 96.000000  17 89.000000
  33 90.000000 125.867069 78.866667 min=70.00 smin=57.83   7 96.000000  17 90.000000
  34 97.000000 149.679758 80.966667 min=70.00 smin=57.83  34 97.000000  12 97.000000
  35 88.000000 119.063444 78.633333 min=70.00 smin=57.83  34 97.000000  12 88.000000
  36 99.000000 156.483384 77.933333 min=60.00 smin=23.81  36 99.000000  10 99.000000
  37 92.000000 132.670695 79.400000 min=69.00 smin=54.43  36 99.000000  10 92.000000
  38 92.000000 132.670695 79.700000 min=67.00 smin=47.63  36 99.000000  10 92.000000
  39 89.000000 122.465257 78.166667 min=69.00 smin=54.43  36 99.000000  10 89.000000
  40 93.000000 136.072508 79.200000 min=67.00 smin=47.63  36 99.000000  10 93.000000
   0 82.000000 100.460064 74.866667 min=54.00 smin= 0.00   0 82.000000   6 82.000000
   1 91.000000 132.750799 79.566667 min=68.00 smin=50.23   1 91.000000  15 91.000000
   2 90.000000 129.162939 76.666667 min=65.00 smin=39.47   1 91.000000  15 90.000000
   3 93.000000 139.926518 76.733333 min=65.00 smin=39.47   3 93.000000  23 93.000000
   4 89.000000 125.575080 77.800000 min=65.00 smin=39.47   3 93.000000  23 89.000000
   5 88.000000 121.987220 76.866667 min=66.00 smin=43.05   3 93.000000  23 88.000000
   6 89.000000 125.575080 78.366667 min=63.00 smin=32.29   3 93.000000  23 89.000000
   7 87.000000 118.399361 76.833333 min=66.00 smin=43.05   3 93.000000  23 87.000000
   8 85.000000 111.223642 76.766667 min=64.00 smin=35.88   3 93.000000  23 85.000000
   9 88.000000 121.987220 77.533333 min=65.00 smin=39.47   3 93.000000  23 88.000000
  10 91.000000 132.750799 79.066667 min=68.00 smin=50.23   3 93.000000  23 91.000000
  11 94.000000 143.514377 79.500000 min=67.00 smin=46.64  11 94.000000   3 94.000000
  12 89.000000 125.575080 76.933333 min=63.00 smin=32.29  11 94.000000   3 89.000000
  13 90.000000 129.162939 78.400000 min=67.00 smin=46.64  11 94.000000   3 90.000000
  14 85.000000 111.223642 77.066667 min=62.00 smin=28.70  11 94.000000   3 85.000000
  15 92.000000 136.338658 77.766667 min=61.00 smin=25.12  11 94.000000   3 92.000000
  16 87.000000 118.399361 76.733333 min=57.00 smin=10.76  11 94.000000   3 87.000000
  17 99.000000 161.453674 75.600000 min=57.00 smin=10.76  17 99.000000  11 99.000000
  18 91.000000 132.750799 76.966667 min=62.00 smin=28.70  17 99.000000  11 91.000000
  19 92.000000 136.338658 79.600000 min=70.00 smin=57.41  17 99.000000  11 92.000000
  20 93.000000 139.926518 78.400000 min=64.00 smin=35.88  17 99.000000  11 93.000000
  21 89.000000 125.575080 78.733333 min=72.00 smin=64.58  17 99.000000  11 89.000000
  22 91.000000 132.750799 77.133333 min=66.00 smin=43.05  17 99.000000  11 91.000000
  23 95.000000 147.102236 79.133333 min=63.00 smin=32.29  17 99.000000  11 95.000000
  24 88.000000 121.987220 78.933333 min=70.00 smin=57.41  17 99.000000  11 88.000000
  25 91.000000 132.750799 78.466667 min=67.00 smin=46.64  17 99.000000  11 91.000000
  26 88.000000 121.987220 77.933333 min=68.00 smin=50.23  17 99.000000  11 88.000000
  27 91.000000 132.750799 75.800000 min=63.00 smin=32.29  17 99.000000  11 91.000000
  28 94.000000 143.514377 79.066667 min=68.00 smin=50.23  17 99.000000  11 94.000000
  29 96.000000 150.690096 77.066667 min=64.00 smin=35.88  17 99.000000  11 96.000000
  30 90.000000 129.162939 76.766667 min=65.00 smin=39.47  17 99.000000  11 90.000000
  31 89.000000 125.575080 79.100000 min=67.00 smin=46.64  17 99.000000  11 89.000000
  32 89.000000 125.575080 78.366667 min=63.00 smin=32.29  17 99.000000  11 89.000000
  33 90.000000 129.162939 80.033333 min=64.00 smin=35.88  17 99.000000  11 90.000000
  34 94.000000 143.514377 77.200000 min=62.00 smin=28.70  17 99.000000  11 94.000000
  35 91.000000 132.750799 77.100000 min=67.00 smin=46.64  17 99.000000  11 91.000000
  36 89.000000 125.575080 77.133333 min=67.00 smin=46.64  17 99.000000  11 89.000000
  37 89.000000 125.575080 77.366667 min=60.00 smin=21.53  17 99.000000  11 89.000000
  38 88.000000 121.987220 77.200000 min=66.00 smin=43.05  17 99.000000  11 88.000000
  39 87.000000 118.399361 78.766667 min=68.00 smin=50.23  17 99.000000  11 87.000000
  40 86.000000 114.811502 77.233333 min=66.00 smin=43.05  17 99.000000  11 86.000000
   0 87.000000 139.873589 73.766667 min=59.00 smin= 0.00   0 87.000000   0 87.000000
   1 94.000000 174.841986 78.066667 min=67.00 smin=39.96   1 94.000000  19 94.000000
   2 91.000000 159.855530 78.133333 min=65.00 smin=29.97   1 94.000000  19 91.000000
   3 88.000000 144.869074 76.966667 min=61.00 smin= 9.99   1 94.000000  19 88.000000
   4 92.000000 164.851016 79.333333 min=66.00 smin=34.97   1 94.000000  19 92.000000
   5 88.000000 144.869074 78.566667 min=70.00 smin=54.95   1 94.000000  19 88.000000
   6 93.000000 169.846501 79.733333 min=69.00 smin=49.95   1 94.000000  19 93.000000
   7 88.000000 144.869074 78.866667 min=69.00 smin=49.95   1 94.000000  19 88.000000
   8 91.000000 159.855530 76.933333 min=65.00 smin=29.97   1 94.000000  19 91.000000
   9 87.000000 139.873589 76.933333 min=65.00 smin=29.97   1 94.000000  19 87.000000
  10 88.000000 144.869074 76.833333 min=62.00 smin=14.99   1 94.000000  19 88.000000
  11 90.000000 154.860045 78.133333 min=67.00 smin=39.96   1 94.000000  19 90.000000
  12 91.000000 159.855530 77.733333 min=69.00 smin=49.95   1 94.000000  19 91.000000
  13 89.000000 149.864560 78.366667 min=64.00 smin=24.98   1 94.000000  19 89.000000
  14 90.000000 154.860045 78.866667 min=61.00 smin= 9.99   1 94.000000  19 90.000000
  15 94.000000 174.841986 78.400000 min=65.00 smin=29.97   1 94.000000  19 94.000000
  16 94.000000 174.841986 79.200000 min=59.00 smin= 0.00   1 94.000000  19 94.000000
  17 90.000000 154.860045 78.300000 min=64.00 smin=24.98   1 94.000000  19 90.000000
  18 91.000000 159.855530 76.433333 min=63.00 smin=19.98   1 94.000000  19 91.000000
  19 87.000000 139.873589 76.466667 min=69.00 smin=49.95   1 94.000000  19 87.000000
  20 93.000000 169.846501 78.166667 min=70.00 smin=54.95   1 94.000000  19 93.000000
  21 89.000000 149.864560 76.866667 min=64.00 smin=24.98   1 94.000000  19 89.000000
  22 90.000000 154.860045 78.433333 min=71.00 smin=59.95   1 94.000000  19 90.000000
  23 90.000000 154.860045 79.066667 min=64.00 smin=24.98   1 94.000000  19 90.000000
  24 94.000000 174.841986 78.166667 min=68.00 smin=44.96   1 94.000000  19 94.000000
  25 95.000000 179.837472 78.100000 min=68.00 smin=44.96  25 95.000000   1 95.000000
  26 92.000000 164.851016 80.000000 min=70.00 smin=54.95  25 95.000000   1 92.000000
  27 90.000000 154.860045 77.266667 min=64.00 smin=24.98  25 95.000000   1 90.000000
  28 88.000000 144.869074 75.200000 min=63.00 smin=19.98  25 95.000000   1 88.000000
  29 87.000000 139.873589 77.366667 min=62.00 smin=14.99  25 95.000000   1 87.000000
  30 99.000000 199.819413 80.000000 min=67.00 smin=39.96  30 99.000000  13 99.000000
  31 94.000000 174.841986 79.200000 min=66.00 smin=34.97  30 99.000000  13 94.000000
  32 92.000000 164.851016 79.433333 min=68.00 smin=44.96  30 99.000000  13 92.000000
  33 87.000000 139.873589 77.733333 min=63.00 smin=19.98  30 99.000000  13 87.000000
  34 87.000000 139.873589 78.900000 min=72.00 smin=64.94  30 99.000000  13 87.000000
  35 87.000000 139.873589 75.966667 min=65.00 smin=29.97  30 99.000000  13 87.000000
  36 93.000000 169.846501 77.733333 min=66.00 smin=34.97  30 99.000000  13 93.000000
  37 94.000000 174.841986 76.933333 min=64.00 smin=24.98  30 99.000000  13 94.000000
  38 89.000000 149.864560 79.300000 min=61.00 smin= 9.99  30 99.000000  13 89.000000
  39 97.000000 189.828442 77.466667 min=67.00 smin=39.96  30 99.000000  13 97.000000
  40 90.000000 154.860045 76.600000 min=68.00 smin=44.96  30 99.000000  13 90.000000
   0 85.000000 149.155963 73.900000 min=63.00 smin=-0.00   0 85.000000   2 85.000000
   1 88.000000 169.495413 77.933333 min=68.00 smin=33.90   1 88.000000  12 88.000000
   2 87.000000 162.715596 78.066667 min=60.00 smin=-20.34   1 88.000000  12 87.000000
   3 94.000000 210.174312 78.800000 min=67.00 smin=27.12   3 94.000000  21 94.000000
   4 87.000000 162.715596 77.700000 min=68.00 smin=33.90   3 94.000000  21 87.000000
   5 89.000000 176.275229 78.966667 min=67.00 smin=27.12   3 94.000000  21 89.000000
   6 86.000000 155.935780 76.466667 min=64.00 smin= 6.78   3 94.000000  21 86.000000
   7 88.000000 169.495413 76.066667 min=62.00 smin=-6.78   3 94.000000  21 88.000000
   8 91.000000 189.834862 78.600000 min=68.00 smin=33.90   3 94.000000  21 91.000000
   9 93.000000 203.394495 76.233333 min=65.00 smin=13.56   3 94.000000  21 93.000000
  10 90.000000 183.055046 78.333333 min=62.00 smin=-6.78   3 94.000000  21 90.000000
  11 87.000000 162.715596 76.566667 min=66.00 smin=20.34   3 94.000000  21 87.000000
  12 92.000000 196.614679 78.700000 min=70.00 smin=47.46   3 94.000000  21 92.000000
  13 91.000000 189.834862 78.333333 min=66.00 smin=20.34   3 94.000000  21 91.000000
  14 87.000000 162.715596 79.266667 min=73.00 smin=67.80   3 94.000000  21 87.000000
  15 87.000000 162.715596 78.533333 min=69.00 smin=40.68   3 94.000000  21 87.000000
  16 92.000000 196.614679 77.800000 min=67.00 smin=27.12   3 94.000000  21 92.000000
  17 93.000000 203.394495 77.500000 min=66.00 smin=20.34   3 94.000000  21 93.000000
  18 99.000000 244.073394 79.266667 min=69.00 smin=40.68  18 99.000000  23 99.000000
  19 96.000000 223.733945 78.600000 min=60.00 smin=-20.34  18 99.000000  23 96.000000
  20 86.000000 155.935780 77.933333 min=67.00 smin=27.12  18 99.000000  23 86.000000
  21 91.000000 189.834862 77.833333 min=68.00 smin=33.90  18 99.000000  23 91.000000
  22 95.000000 216.954128 77.800000 min=66.00 smin=20.34  18 99.000000  23 95.000000
  23 88.000000 169.495413 77.266667 min=66.00 smin=20.34  18 99.000000  23 88.000000
  24 95.000000 216.954128 76.833333 min=62.00 smin=-6.78  18 99.000000  23 95.000000
  25 86.000000 155.935780 76.200000 min=66.00 smin=20.34  18 99.000000  23 86.000000
  26 89.000000 176.275229 76.900000 min=62.00 smin=-6.78  18 99.000000  23 89.000000
  27 88.000000 169.495413 77.833333 min=68.00 smin=33.90  18 99.000000  23 88.000000
  28 89.000000 176.275229 78.533333 min=65.00 smin=13.56  18 99.000000  23 89.000000
  29 93.000000 203.394495 79.166667 min=69.00 smin=40.68  18 99.000000  23 93.000000
  30 89.000000 176.275229 76.900000 min=64.00 smin= 6.78  18 99.000000  23 89.000000
  31 89.000000 176.275229 78.966667 min=61.00 smin=-13.56  18 99.000000  23 89.000000
  32 88.000000 169.495413 78.133333 min=69.00 smin=40.68  18 99.000000  23 88.000000
  33 89.000000 176.275229 77.200000 min=68.00 smin=33.90  18 99.000000  23 89.000000
  34 88.000000 169.495413 77.266667 min=68.00 smin=33.90  18 99.000000  23 88.000000
  35 96.000000 223.733945 78.933333 min=67.00 smin=27.12  18 99.000000  23 96.000000
  36 89.000000 176.275229 77.633333 min=61.00 smin=-13.56  18 99.000000  23 89.000000
  37 89.000000 176.275229 78.366667 min=68.00 smin=33.90  18 99.000000  23 89.000000
  38 91.000000 189.834862 76.500000 min=65.00 smin=13.56  18 99.000000  23 91.000000
  39 92.000000 196.614679 78.233333 min=64.00 smin= 6.78  18 99.000000  23 92.000000
  40 90.000000 183.055046 78.266667 min=67.00 smin=27.12  18 99.000000  23 90.000000
