   0 92.000000 199.210191 74.466667 min=64.00 smin= 0.00   0 92.000000  17 92.000000
   1 88.000000 170.751592 77.166667 min=60.00 smin=-28.46   0 92.000000  17 88.000000
   2 87.000000 163.636943 76.833333 min=62.00 smin=-14.23   0 92.000000  17 87.000000
   3 94.000000 213.439490 78.166667 min=63.00 smin=-7.11   3 94.000000  11 94.000000
   4 91.000000 192.095541 76.366667 min=67.00 smin=21.34   3 94.000000  11 91.000000
   5 88.000000 170.751592 76.966667 min=68.00 smin=28.46   3 94.000000  11 88.000000
   6 94.000000 213.439490 77.566667 min=68.00 smin=28.46   3 94.000000  11 94.000000
   7 90.000000 184.980892 75.866667 min=65.00 smin= 7.11   3 94.000000  11 90.000000
   8 87.000000 163.636943 76.833333 min=67.00 smin=21.34   3 94.000000  11 87.000000
   9 88.000000 170.751592 77.133333 min=66.00 smin=14.23   3 94.000000  11 88.000000
  10 95.000000 220.554140 77.166667 min=67.00 smin=21.34  10 95.000000  25 95.000000
  11 88.000000 170.751592 75.533333 min=64.00 smin= 0.00  10 95.000000  25 88.000000
  12 95.000000 220.554140 79.666667 min=65.00 smin= 7.11  10 95.000000  25 95.000000
  13 90.000000 184.980892 76.300000 min=64.00 smin= 0.00  10 95.000000  25 90.000000
  14 89.000000 177.866242 76.933333 min=67.00 smin=21.34  10 95.000000  25 89.000000
  15 89.000000 177.866242 76.333333 min=63.00 smin=-7.11  10 95.000000  25 89.000000
  16 89.000000 177.866242 75.000000 min=63.00 smin=-7.11  10 95.000000  25 89.000000
  17 89.000000 177.866242 77.566667 min=65.00 smin= 7.11  10 95.000000  25 89.000000
  18 93.000000 206.324841 77.766667 min=69.00 smin=35.57  10 95.000000  25 93.000000
  19 88.000000 170.751592 76.333333 min=63.00 smin=-7.11  10 95.000000  25 88.000000
  20 87.000000 163.636943 78.800000 min=69.00 smin=35.57  10 95.000000  25 87.000000
  21 88.000000 170.751592 78.333333 min=69.00 smin=35.57  10 95.000000  25 88.000000
  22 91.000000 192.095541 78.466667 min=69.00 smin=35.57  10 95.000000  25 91.000000
  23 93.000000 206.324841 76.333333 min=64.00 smin= 0.00  10 95.000000  25 93.000000
  24 95.000000 220.554140 78.733333 min=59.00 smin=-35.57  10 95.000000  25 95.000000
  25 91.000000 192.095541 79.000000 min=71.00 smin=49.80  10 95.000000  25 91.000000
  26 89.000000 177.866242 76.966667 min=61.00 smin=-21.34  10 95.000000  25 89.000000
  27 88.000000 170.751592 77.100000 min=59.00 smin=-35.57  10 95.000000  25 88.000000
  28 92.000000 199.210191 78.566667 min=68.00 smin=28.46  10 95.000000  25 92.000000
  29 89.000000 177.866242 76.800000 min=68.00 smin=28.46  10 95.000000  25 89.000000
  30 90.000000 184.980892 78.266667 min=69.00 smin=35.57  10 95.000000  25 90.000000
  31 94.000000 213.439490 77.666667 min=57.00 smin=-49.80  10 95.000000  25 94.000000
  32 88.000000 170.751592 75.533333 min=66.00 smin=14.23  10 95.000000  25 88.000000
  33 96.000000 227.668790 78.866667 min=68.00 smin=28.46  33 96.000000  26 96.000000
  34 92.000000 199.210191 78.400000 min=70.00 smin=42.69  33 96.000000  26 92.000000
  35 93.000000 206.324841 76.533333 min=58.00 smin=-42.69  33 96.000000  26 93.000000
  36 89.000000 177.866242 79.700000 min=69.00 smin=35.57  33 96.000000  26 89.000000
  37 90.000000 184.980892 77.866667 min=65.00 smin= 7.11  33 96.000000  26 90.000000
  38 88.000000 170.751592 76.800000 min=63.00 smin=-7.11  33 96.000000  26 88.000000
  39 90.000000 184.980892 76.633333 min=67.00 smin=21.34  33 96.000000  26 90.000000
  40 91.000000 192.095541 78.200000 min=62.00 smin=-14.23  33 96.000000  26 91.000000
   0 88.000000 142.561947 74.066667 min=59.00 smin= 0.00   0 88.000000   8 88.000000
   1 84.000000 122.898230 74.466667 min=63.00 smin=19.66   0 88.000000   8 84.000000
   2 88.000000 142.561947 76.633333 min=65.00 smin=29.50   0 88.000000   8 88.000000
   3 97.000000 186.805310 78.966667 min=66.00 smin=34.41   3 97.000000   6 97.000000
   4 90.000000 152.393805 76.533333 min=62.00 smin=14.75   3 97.000000   6 90.000000
   5 87.000000 137.646018 78.466667 min=64.00 smin=24.58   3 97.000000   6 87.000000
   6 93.000000 167.141593 78.300000 min=66.00 smin=34.41   3 97.000000   6 93.000000
   7 87.000000 137.646018 75.866667 min=68.00 smin=44.24   3 97.000000   6 87.000000
   8 91.000000 157.309735 76.700000 min=65.00 smin=29.50   3 97.000000   6 91.000000
   9 90.000000 152.393805 76.166667 min=64.00 smin=24.58   3 97.000000   6 90.000000
  10 86.000000 132.730088 76.933333 min=67.00 smin=39.33   3 97.000000   6 86.000000
  11 86.000000 132.730088 76.366667 min=65.00 smin=29.50   3 97.000000   6 86.000000
  12 93.000000 167.141593 76.633333 min=60.00 smin= 4.92   3 97.000000   6 93.000000
  13 90.000000 152.393805 78.433333 min=63.00 smin=19.66   3 97.000000   6 90.000000
  14 86.000000 132.730088 76.733333 min=70.00 smin=54.08   3 97.000000   6 86.000000
  15 91.000000 157.309735 78.066667 min=69.00 smin=49.16   3 97.000000   6 91.000000
  16 91.000000 157.309735 77.566667 min=67.00 smin=39.33   3 97.000000   6 91.000000
  17 88.000000 142.561947 77.133333 min=67.00 smin=39.33   3 97.000000   6 88.000000
  18 91.000000 157.309735 77.766667 min=63.00 smin=19.66   3 97.000000   6 91.000000
  19 91.000000 157.309735 76.500000 min=59.00 smin= 0.00   3 97.000000   6 91.000000
  20 86.000000 132.730088 77.866667 min=67.00 smin=39.33   3 97.000000   6 86.000000
  21 85.000000 127.814159 75.866667 min=67.00 smin=39.33   3 97.000000   6 85.000000
  22 90.000000 152.393805 77.766667 min=65.00 smin=29.50   3 97.000000   6 90.000000
  23 88.000000 142.561947 76.766667 min=65.00 smin=29.50   3 97.000000   6 88.000000
  24 95.000000 176.973451 77.366667 min=66.00 smin=34.41   3 97.000000   6 95.000000
  25 89.000000 147.477876 77.766667 min=68.00 smin=44.24   3 97.000000   6 89.000000
  26 84.000000 122.898230 75.633333 min=65.00 smin=29.50   3 97.000000   6 84.000000
  27 88.000000 142.561947 78.766667 min=65.00 smin=29.50   3 97.000000   6 88.000000
  28 91.000000 157.309735 76.966667 min=61.00 smin= 9.83   3 97.000000   6 91.000000
  29 99.000000 196.637168 77.466667 min=69.00 smin=49.16  29 99.000000  18 99.000000
  30 89.000000 147.477876 77.566667 min=65.00 smin=29.50  29 99.000000  18 89.000000
  31 94.000000 172.057522 79.133333 min=68.00 smin=44.24  29 99.000000  18 94.000000
  32 93.000000 167.141593 77.466667 min=59.00 smin= 0.00  29 99.000000  18 93.000000
  33 89.000000 147.477876 80.266667 min=75.00 smin=78.65  29 99.000000  18 89.000000
  34 88.000000 142.561947 76.600000 min=67.00 smin=39.33  29 99.000000  18 88.000000
  35 91.000000 157.309735 76.733333 min=67.00 smin=39.33  29 99.000000  18 91.000000
  36 90.000000 152.393805 76.733333 min=68.00 smin=44.24  29 99.000000  18 90.000000
  37 89.000000 147.477876 78.633333 min=64.00 smin=24.58  29 99.000000  18 89.000000
  38 88.000000 142.561947 77.166667 min=63.00 smin=19.66  29 99.000000  18 88.000000
  39 89.000000 147.477876 77.400000 min=64.00 smin=24.58  29 99.000000  18 89.000000
  40 91.000000 157.309735 77.466667 min=64.00 smin=24.58  29 99.000000  18 91.000000
   0 93.000000 185.165680 77.266667 min=66.00 smin=-0.00   0 93.000000  17 93.000000
   1 90.000000 164.591716 75.233333 min=62.00 smin=-27.43   0 93.000000  17 90.000000
   2 90.000000 164.591716 78.633333 min=64.00 smin=-13.72   0 93.000000  17 90.000000
   3 89.000000 157.733728 77.733333 min=67.00 smin= 6.86   0 93.000000  17 89.000000
   4 87.000000 144.017751 77.800000 min=68.00 smin=13.72   0 93.000000  17 87.000000
   5 88.000000 150.875740 76.666667 min=64.00 smin=-13.72   0 93.000000  17 88.000000
   6 93.000000 185.165680 76.900000 min=64.00 smin=-13.72   0 93.000000  17 93.000000
   7 97.000000 212.597633 78.233333 min=63.00 smin=-20.57   7 97.000000  24 97.000000
   8 92.000000 178.307692 77.833333 min=61.00 smin=-34.29   7 97.000000  24 92.000000
   9 89.000000 157.733728 77.133333 min=65.00 smin=-6.86   7 97.000000  24 89.000000
  10 90.000000 164.591716 79.100000 min=72.00 smin=41.15   7 97.000000  24 90.000000
  11 85.000000 130.301775 76.533333 min=66.00 smin=-0.00   7 97.000000  24 85.000000
  12 94.000000 192.023669 77.966667 min=65.00 smin=-6.86   7 97.000000  24 94.000000
  13 86.000000 137.159763 76.766667 min=65.00 smin=-6.86   7 97.000000  24 86.000000
  14 91.000000 171.449704 75.466667 min=64.00 smin=-13.72   7 97.000000  24 91.000000
  15 91.000000 171.449704 77.766667 min=70.00 smin=27.43   7 97.000000  24 91.000000
  16 87.000000 144.017751 76.200000 min=66.00 smin=-0.00   7 97.000000  24 87.000000
  17 91.000000 171.449704 78.000000 min=69.00 smin=20.57   7 97.000000  24 91.000000
  18 84.000000 123.443787 76.000000 min=67.00 smin= 6.86   7 97.000000  24 84.000000
  19 84.000000 123.443787 77.000000 min=65.00 smin=-6.86   7 97.000000  24 84.000000
  20 94.000000 192.023669 77.833333 min=68.00 smin=13.72   7 97.000000  24 94.000000
  21 92.000000 178.307692 75.633333 min=67.00 smin= 6.86   7 97.000000  24 92.000000
  22 92.000000 178.307692 77.266667 min=67.00 smin= 6.86   7 97.000000  24 92.000000
  23 88.000000 150.875740 77.266667 min=64.00 smin=-13.72   7 97.000000  24 88.000000
  24 88.000000 150.875740 76.733333 min=61.00 smin=-34.29   7 97.000000  24 88.000000
  25 92.000000 178.307692 77.200000 min=64.00 smin=-13.72   7 97.000000  24 92.000000
  26 93.000000 185.165680 78.533333 min=66.00 smin=-0.00   7 97.000000  24 93.000000
  27 90.000000 164.591716 77.733333 min=67.00 smin= 6.86   7 97.000000  24 90.000000
  28 87.000000 144.017751 78.233333 min=63.00 smin=-20.57   7 97.000000  24 87.000000
  29 97.000000 212.597633 78.500000 min=61.00 smin=-34.29   7 97.000000  24 97.000000
  30 92.000000 178.307692 77.666667 min=66.00 smin=-0.00   7 97.000000  24 92.000000
  31 89.000000 157.733728 74.466667 min=56.00 smin=-68.58   7 97.000000  24 89.000000
  32 91.000000 171.449704 75.466667 min=60.00 smin=-41.15   7 97.000000  24 91.000000
  33 93.000000 185.165680 76.400000 min=67.00 smin= 6.86   7 97.000000  24 93.000000
  34 96.000000 205.739645 79.033333 min=65.00 smin=-6.86   7 97.000000  24 96.000000
  35 89.000000 157.733728 77.833333 min=64.00 smin=-13.72   7 97.000000  24 89.000000
  36 88.000000 150.875740 75.666667 min=68.00 smin=13.72   7 97.000000  24 88.000000
  37 86.000000 137.159763 76.166667 min=64.00 smin=-13.72   7 97.000000  24 86.000000
  38 87.000000 144.017751 76.966667 min=60.00 smin=-41.15   7 97.000000  24 87.000000
  39 89.000000 157.733728 77.333333 min=61.00 smin=-34.29   7 97.000000  24 89.000000
  40 88.000000 150.875740 77.266667 min=64.00 smin=-13.72   7 97.000000  24 88.000000
   0 88.000000 129.428571 75.500000 min=58.00 smin= 0.00   0 88.000000  15 88.000000
   1 103.000000 194.142857 79.333333 min=68.00 smin=43.14   1 103.000000  24 103.000000
   2 104.000000 198.457143 79.133333 min=64.00 smin=25.89   2 104.000000  25 104.000000
   3 95.000000 159.628571 77.900000 min=65.00 smin=30.20   2 104.000000  25 95.000000
   4 89.000000 133.742857 79.000000 min=70.00 smin=51.77   2 104.000000  25 89.000000
   5 87.000000 125.114286 77.133333 min=63.00 smin=21.57   2 104.000000  25 87.000000
   6 88.000000 129.428571 77.400000 min=70.00 smin=51.77   2 104.000000  25 88.000000
   7 91.000000 142.371429 78.600000 min=62.00 smin=17.26   2 104.000000  25 91.000000
   8 95.000000 159.628571 79.533333 min=57.00 smin=-4.31   2 104.000000  25 95.000000
   9 86.000000 120.800000 76.933333 min=67.00 smin=38.83   2 104.000000  25 86.000000
  10 91.000000 142.371429 78.266667 min=69.00 smin=47.46   2 104.000000  25 91.000000
  11 92.000000 146.685714 78.766667 min=67.00 smin=38.83   2 104.000000  25 92.000000
  12 90.000000 138.057143 79.066667 min=54.00 smin=-17.26   2 104.000000  25 90.000000
  13 94.000000 155.314286 80.100000 min=69.00 smin=47.46   2 104.000000  25 94.000000
  14 89.000000 133.742857 76.733333 min=67.00 smin=38.83   2 104.000000  25 89.000000
  15 92.000000 146.685714 77.800000 min=64.00 smin=25.89   2 104.000000  25 92.000000
  16 88.000000 129.428571 75.166667 min=64.00 smin=25.89   2 104.000000  25 88.000000
  17 91.000000 142.371429 77.300000 min=60.00 smin= 8.63   2 104.000000  25 91.000000
  18 91.000000 142.371429 78.133333 min=63.00 smin=21.57   2 104.000000  25 91.000000
  19 89.000000 133.742857 79.066667 min=66.00 smin=34.51   2 104.000000  25 89.000000
  20 89.000000 133.742857 77.200000 min=64.00 smin=25.89   2 104.000000  25 89.000000
  21 91.000000 142.371429 79.066667 min=63.00 smin=21.57   2 104.000000  25 91.000000
  22 89.000000 133.742857 80.933333 min=68.00 smin=43.14   2 104.000000  25 89.000000
  23 90.000000 138.057143 76.066667 min=64.00 smin=25.89   2 104.000000  25 90.000000
  24 91.000000 142.371429 77.300000 min=66.00 smin=34.51   2 104.000000  25 91.000000
  25 88.000000 129.428571 78.033333 min=67.00 smin=38.83   2 104.000000  25 88.000000
  26 92.000000 146.685714 77.066667 min=62.00 smin=17.26   2 104.000000  25 92.000000
  27 92.000000 146.685714 77.800000 min=68.00 smin=43.14   2 104.000000  25 92.000000
  28 94.000000 155.314286 77.133333 min=63.00 smin=21.57   2 104.000000  25 94.000000
  29 89.000000 133.742857 78.066667 min=65.00 smin=30.20   2 104.000000  25 89.000000
  30 92.000000 146.685714 77.166667 min=56.00 smin=-8.63   2 104.000000  25 92.000000
  31 91.000000 142.371429 76.800000 min=64.00 smin=25.89   2 104.000000  25 91.000000
  32 93.000000 151.000000 78.733333 min=65.00 smin=30.20   2 104.000000  25 93.000000
  33 96.000000 163.942857 79.300000 min=62.00 smin=17.26   2 104.000000  25 96.000000
  34 93.000000 151.000000 77.033333 min=64.00 smin=25.89   2 104.000000  25 93.000000
  35 88.000000 129.428571 78.033333 min=65.00 smin=30.20   2 104.000000  25 88.000000
  36 95.000000 159.628571 79.000000 min=59.00 smin= 4.31   2 104.000000  25 95.000000
  37 89.000000 133.742857 78.566667 min=69.00 smin=47.46   2 104.000000  25 89.000000
  38 91.000000 142.371429 78.233333 min=67.00 smin=38.83   2 104.000000  25 91.000000
  39 84.000000 112.171429 76.900000 min=68.00 smin=43.14   2 104.000000  25 84.000000
  40 88.000000 129.428571 78.600000 min=68.00 smin=43.14   2 104.000000  25 88.000000
