   0 88.000000 129.428571 75.500000 min=58.00 smin= 0.00   0 88.000000  15 88.000000
   1 103.000000 194.142857 79.333333 min=68.00 smin=43.14   1 103.000000  24 103.000000
   2 104.000000 198.457143 79.133333 min=64.00 smin=25.89   2 104.000000  25 104.000000
   3 95.000000 159.628571 77.900000 min=65.00 smin=30.20   2 104.000000  25 95.000000
   4 89.000000 133.742857 79.000000 min=70.00 smin=51.77   2 104.000000  25 89.000000
   5 87.000000 125.114286 77.133333 min=63.00 smin=21.57   2 104.000000  25 87.000000
   6 88.000000 129.428571 77.400000 min=70.00 smin=51.77   2 104.000000  25 88.000000
   7 91.000000 142.371429 78.600000 min=62.00 smin=17.26   2 104.000000  25 91.000000
   8 95.000000 159.628571 79.533333 min=57.00 smin=-4.31   2 104.000000  25 95.000000
   9 86.000000 120.800000 76.933333 min=67.00 smin=38.83   2 104.000000  25 86.000000
  10 91.000000 142.371429 78.266667 min=69.00 smin=47.46   2 104.000000  25 91.000000
  11 92.000000 146.685714 78.766667 min=67.00 smin=38.83   2 104.000000  25 92.000000
  12 90.000000 138.057143 79.066667 min=54.00 smin=-17.26   2 104.000000  25 90.000000
  13 94.000000 155.314286 80.100000 min=69.00 smin=47.46   2 104.000000  25 94.000000
  14 89.000000 133.742857 76.733333 min=67.00 smin=38.83   2 104.000000  25 89.000000
  15 92.000000 146.685714 77.800000 min=64.00 smin=25.89   2 104.000000  25 92.000000
  16 88.000000 129.428571 75.166667 min=64.00 smin=25.89   2 104.000000  25 88.000000
  17 91.000000 142.371429 77.300000 min=60.00 smin= 8.63   2 104.000000  25 91.000000
  18 91.000000 142.371429 78.133333 min=63.00 smin=21.57   2 104.000000  25 91.000000
  19 89.000000 133.742857 79.066667 min=66.00 smin=34.51   2 104.000000  25 89.000000
  20 89.000000 133.742857 77.200000 min=64.00 smin=25.89   2 104.000000  25 89.000000
  21 91.000000 142.371429 79.066667 min=63.00 smin=21.57   2 104.000000  25 91.000000
  22 89.000000 133.742857 80.933333 min=68.00 smin=43.14   2 104.000000  25 89.000000
  23 90.000000 138.057143 76.066667 min=64.00 smin=25.89   2 104.000000  25 90.000000
  24 91.000000 142.371429 77.300000 min=66.00 smin=34.51   2 104.000000  25 91.000000
  25 88.000000 129.428571 78.033333 min=67.00 smin=38.83   2 104.000000  25 88.000000
  26 92.000000 146.685714 77.066667 min=62.00 smin=17.26   2 104.000000  25 92.000000
  27 92.000000 146.685714 77.800000 min=68.00 smin=43.14   2 104.000000  25 92.000000
  28 94.000000 155.314286 77.133333 min=63.00 smin=21.57   2 104.000000  25 94.000000
  29 89.000000 133.742857 78.066667 min=65.00 smin=30.20   2 104.000000  25 89.000000
  30 92.000000 146.685714 77.166667 min=56.00 smin=-8.63   2 104.000000  25 92.000000
  31 91.000000 142.371429 76.800000 min=64.00 smin=25.89   2 104.000000  25 91.000000
  32 93.000000 151.000000 78.733333 min=65.00 smin=30.20   2 104.000000  25 93.000000
  33 96.000000 163.942857 79.300000 min=62.00 smin=17.26   2 104.000000  25 96.000000
  34 93.000000 151.000000 77.033333 min=64.00 smin=25.89   2 104.000000  25 93.000000
  35 88.000000 129.428571 78.033333 min=65.00 smin=30.20   2 104.000000  25 88.000000
  36 95.000000 159.628571 79.000000 min=59.00 smin= 4.31   2 104.000000  25 95.000000
  37 89.000000 133.742857 78.566667 min=69.00 smin=47.46   2 104.000000  25 89.000000
  38 91.000000 142.371429 78.233333 min=67.00 smin=38.83   2 104.000000  25 91.000000
  39 84.000000 112.171429 76.900000 min=68.00 smin=43.14   2 104.000000  25 84.000000
  40 88.000000 129.428571 78.600000 min=68.00 smin=43.14   2 104.000000  25 88.000000
