   0 88.000000 129.428571 75.500000 min=58.00 smin= 0.00   0 88.000000  15 88.000000
   1 97.000000 168.257143 81.166667 min=71.00 smin=56.09   1 97.000000  24 97.000000
   2 96.000000 163.942857 79.366667 min=68.00 smin=43.14   1 97.000000  24 96.000000
   3 87.000000 125.114286 77.800000 min=66.00 smin=34.51   1 97.000000  24 87.000000
   4 89.000000 133.742857 78.066667 min=67.00 smin=38.83   1 97.000000  24 89.000000
   5 91.000000 142.371429 77.766667 min=64.00 smin=25.89   1 97.000000  24 91.000000
   6 91.000000 142.371429 79.366667 min=71.00 smin=56.09   1 97.000000  24 91.000000
   7 90.000000 138.057143 79.500000 min=69.00 smin=47.46   1 97.000000  24 90.000000
   8 91.000000 142.371429 79.866667 min=69.00 smin=47.46   1 97.000000  24 91.000000
   9 87.000000 125.114286 77.900000 min=66.00 smin=34.51   1 97.000000  24 87.000000
  10 90.000000 138.057143 79.000000 min=68.00 smin=43.14   1 97.000000  24 90.000000
  11 89.000000 133.742857 78.333333 min=60.00 smin= 8.63   1 97.000000  24 89.000000
  12 88.000000 129.428571 76.366667 min=68.00 smin=43.14   1 97.000000  24 88.000000
  13 93.000000 151.000000 77.266667 min=66.00 smin=34.51   1 97.000000  24 93.000000
  14 91.000000 142.371429 78.133333 min=64.00 smin=25.89   1 97.000000  24 91.000000
  15 86.000000 120.800000 77.233333 min=69.00 smin=47.46   1 97.000000  24 86.000000
  16 90.000000 138.057143 78.666667 min=63.00 smin=21.57   1 97.000000  24 90.000000
  17 88.000000 129.428571 76.300000 min=67.00 smin=38.83   1 97.000000  24 88.000000
  18 87.000000 125.114286 78.066667 min=71.00 smin=56.09   1 97.000000  24 87.000000
  19 90.000000 138.057143 77.333333 min=63.00 smin=21.57   1 97.000000  24 90.000000
  20 90.000000 138.057143 76.833333 min=66.00 smin=34.51   1 97.000000  24 90.000000
  21 89.000000 133.742857 78.433333 min=65.00 smin=30.20   1 97.000000  24 89.000000
  22 93.000000 151.000000 78.766667 min=64.00 smin=25.89   1 97.000000  24 93.000000
  23 89.000000 133.742857 78.866667 min=72.00 smin=60.40   1 97.000000  24 89.000000
  24 86.000000 120.800000 77.566667 min=68.00 smin=43.14   1 97.000000  24 86.000000
  25 94.000000 155.314286 79.166667 min=64.00 smin=25.89   1 97.000000  24 94.000000
  26 90.000000 138.057143 79.333333 min=70.00 smin=51.77   1 97.000000  24 90.000000
  27 88.000000 129.428571 78.333333 min=63.00 smin=21.57   1 97.000000  24 88.000000
  28 92.000000 146.685714 79.300000 min=67.00 smin=38.83   1 97.000000  24 92.000000
  29 88.000000 129.428571 76.700000 min=67.00 smin=38.83   1 97.000000  24 88.000000
  30 88.000000 129.428571 78.200000 min=70.00 smin=51.77   1 97.000000  24 88.000000
  31 88.000000 129.428571 77.733333 min=68.00 smin=43.14   1 97.000000  24 88.000000
  32 89.000000 133.742857 77.000000 min=64.00 smin=25.89   1 97.000000  24 89.000000
  33 95.000000 159.628571 79.166667 min=64.00 smin=25.89   1 97.000000  24 95.000000
  34 93.000000 151.000000 78.266667 min=65.00 smin=30.20   1 97.000000  24 93.000000
  35 101.000000 185.514286 80.233333 min=69.00 smin=47.46  35 101.000000  18 101.000000
  36 100.000000 181.200000 79.266667 min=68.00 smin=43.14  35 101.000000  18 100.000000
  37 88.000000 129.428571 77.333333 min=67.00 smin=38.83  35 101.000000  18 88.000000
  38 90.000000 138.057143 77.800000 min=64.00 smin=25.89  35 101.000000  18 90.000000
  39 94.000000 155.314286 78.033333 min=60.00 smin= 8.63  35 101.000000  18 94.000000
  40 89.000000 133.742857 78.300000 min=67.00 smin=38.83  35 101.000000  18 89.000000
   0 88.000000 139.751663 75.033333 min=60.00 smin= 0.00   0 88.000000   9 88.000000
   1 91.000000 154.725055 76.833333 min=66.00 smin=29.95   1 91.000000  17 91.000000
   2 86.000000 129.769401 76.733333 min=60.00 smin= 0.00   1 91.000000  17 86.000000
   3 92.000000 159.716186 78.533333 min=62.00 smin= 9.98   3 92.000000  24 92.000000
   4 92.000000 159.716186 79.366667 min=70.00 smin=49.91   3 92.000000  24 92.000000
   5 90.000000 149.733925 77.666667 min=65.00 smin=24.96   3 92.000000  24 90.000000
   6 86.000000 129.769401 76.466667 min=67.00 smin=34.94   3 92.000000  24 86.000000
   7 91.000000 154.725055 77.066667 min=62.00 smin= 9.98   3 92.000000  24 91.000000
   8 87.000000 134.760532 77.300000 min=63.00 smin=14.97   3 92.000000  24 87.000000
   9 87.000000 134.760532 76.800000 min=61.00 smin= 4.99   3 92.000000  24 87.000000
  10 89.000000 144.742794 76.466667 min=65.00 smin=24.96   3 92.000000  24 89.000000
  11 89.000000 144.742794 78.000000 min=64.00 smin=19.96   3 92.000000  24 89.000000
  12 91.000000 154.725055 77.200000 min=69.00 smin=44.92   3 92.000000  24 91.000000
  13 89.000000 144.742794 77.600000 min=68.00 smin=39.93   3 92.000000  24 89.000000
  14 94.000000 169.698448 78.700000 min=69.00 smin=44.92  14 94.000000   2 94.000000
  15 90.000000 149.733925 78.866667 min=64.00 smin=19.96  14 94.000000   2 90.000000
  16 92.000000 159.716186 78.566667 min=67.00 smin=34.94  14 94.000000   2 92.000000
  17 91.000000 154.725055 78.800000 min=66.00 smin=29.95  14 94.000000   2 91.000000
  18 93.000000 164.707317 79.466667 min=66.00 smin=29.95  14 94.000000   2 93.000000
  19 88.000000 139.751663 78.566667 min=66.00 smin=29.95  14 94.000000   2 88.000000
  20 87.000000 134.760532 78.100000 min=68.00 smin=39.93  14 94.000000   2 87.000000
  21 88.000000 139.751663 77.733333 min=66.00 smin=29.95  14 94.000000   2 88.000000
  22 93.000000 164.707317 78.300000 min=66.00 smin=29.95  14 94.000000   2 93.000000
  23 87.000000 134.760532 77.200000 min=65.00 smin=24.96  14 94.000000   2 87.000000
  24 85.000000 124.778271 75.666667 min=63.00 smin=14.97  14 94.000000   2 85.000000
  25 87.000000 134.760532 77.533333 min=61.00 smin= 4.99  14 94.000000   2 87.000000
  26 88.000000 139.751663 76.600000 min=67.00 smin=34.94  14 94.000000   2 88.000000
  27 85.000000 124.778271 78.300000 min=67.00 smin=34.94  14 94.000000   2 85.000000
  28 93.000000 164.707317 78.766667 min=65.00 smin=24.96  14 94.000000   2 93.000000
  29 99.000000 194.654102 77.766667 min=60.00 smin= 0.00  29 99.000000   2 99.000000
  30 89.000000 144.742794 77.800000 min=60.00 smin= 0.00  29 99.000000   2 89.000000
  31 87.000000 134.760532 77.233333 min=58.00 smin=-9.98  29 99.000000   2 87.000000
  32 88.000000 139.751663 77.466667 min=61.00 smin= 4.99  29 99.000000   2 88.000000
  33 88.000000 139.751663 77.200000 min=66.00 smin=29.95  29 99.000000   2 88.000000
  34 87.000000 134.760532 76.900000 min=64.00 smin=19.96  29 99.000000   2 87.000000
  35 89.000000 144.742794 76.233333 min=61.00 smin= 4.99  29 99.000000   2 89.000000
  36 88.000000 139.751663 75.966667 min=63.00 smin=14.97  29 99.000000   2 88.000000
  37 83.000000 114.796009 76.800000 min=67.00 smin=34.94  29 99.000000   2 83.000000
  38 94.000000 169.698448 77.033333 min=63.00 smin=14.97  29 99.000000   2 94.000000
  39 89.000000 144.742794 77.300000 min=58.00 smin=-9.98  29 99.000000   2 89.000000
  40 89.000000 144.742794 77.666667 min=66.00 smin=29.95  29 99.000000   2 89.000000
   0 88.000000 129.428571 75.500000 min=58.00 smin= 0.00   0 88.000000  15 88.000000
   1 97.000000 168.257143 81.166667 min=71.00 smin=56.09   1 97.000000  24 97.000000
   2 96.000000 163.942857 79.366667 min=68.00 smin=43.14   1 97.000000  24 96.000000
   3 87.000000 125.114286 77.800000 min=66.00 smin=34.51   1 97.000000  24 87.000000
   4 89.000000 133.742857 78.066667 min=67.00 smin=38.83   1 97.000000  24 89.000000
   5 91.000000 142.371429 77.766667 min=64.00 smin=25.89   1 97.000000  24 91.000000
   6 91.000000 142.371429 79.366667 min=71.00 smin=56.09   1 97.000000  24 91.000000
   7 90.000000 138.057143 79.500000 min=69.00 smin=47.46   1 97.000000  24 90.000000
   8 91.000000 142.371429 79.866667 min=69.00 smin=47.46   1 97.000000  24 91.000000
   9 87.000000 125.114286 77.900000 min=66.00 smin=34.51   1 97.000000  24 87.000000
  10 90.000000 138.057143 79.000000 min=68.00 smin=43.14   1 97.000000  24 90.000000
  11 89.000000 133.742857 78.333333 min=60.00 smin= 8.63   1 97.000000  24 89.000000
  12 88.000000 129.428571 76.366667 min=68.00 smin=43.14   1 97.000000  24 88.000000
  13 93.000000 151.000000 77.266667 min=66.00 smin=34.51   1 97.000000  24 93.000000
  14 91.000000 142.371429 78.133333 min=64.00 smin=25.89   1 97.000000  24 91.000000
  15 86.000000 120.800000 77.233333 min=69.00 smin=47.46   1 97.000000  24 86.000000
  16 90.000000 138.057143 78.666667 min=63.00 smin=21.57   1 97.000000  24 90.000000
  17 88.000000 129.428571 76.300000 min=67.00 smin=38.83   1 97.000000  24 88.000000
  18 87.000000 125.114286 78.066667 min=71.00 smin=56.09   1 97.000000  24 87.000000
  19 90.000000 138.057143 77.333333 min=63.00 smin=21.57   1 97.000000  24 90.000000
  20 90.000000 138.057143 76.833333 min=66.00 smin=34.51   1 97.000000  24 90.000000
  21 89.000000 133.742857 78.433333 min=65.00 smin=30.20   1 97.000000  24 89.000000
  22 93.000000 151.000000 78.766667 min=64.00 smin=25.89   1 97.000000  24 93.000000
  23 89.000000 133.742857 78.866667 min=72.00 smin=60.40   1 97.000000  24 89.000000
  24 86.000000 120.800000 77.566667 min=68.00 smin=43.14   1 97.000000  24 86.000000
  25 94.000000 155.314286 79.166667 min=64.00 smin=25.89   1 97.000000  24 94.000000
  26 90.000000 138.057143 79.333333 min=70.00 smin=51.77   1 97.000000  24 90.000000
  27 88.000000 129.428571 78.333333 min=63.00 smin=21.57   1 97.000000  24 88.000000
  28 92.000000 146.685714 79.300000 min=67.00 smin=38.83   1 97.000000  24 92.000000
  29 88.000000 129.428571 76.700000 min=67.00 smin=38.83   1 97.000000  24 88.000000
  30 88.000000 129.428571 78.200000 min=70.00 smin=51.77   1 97.000000  24 88.000000
  31 88.000000 129.428571 77.733333 min=68.00 smin=43.14   1 97.000000  24 88.000000
  32 89.000000 133.742857 77.000000 min=64.00 smin=25.89   1 97.000000  24 89.000000
  33 95.000000 159.628571 79.166667 min=64.00 smin=25.89   1 97.000000  24 95.000000
  34 93.000000 151.000000 78.266667 min=65.00 smin=30.20   1 97.000000  24 93.000000
  35 101.000000 185.514286 80.233333 min=69.00 smin=47.46  35 101.000000  18 101.000000
  36 100.000000 181.200000 79.266667 min=68.00 smin=43.14  35 101.000000  18 100.000000
  37 88.000000 129.428571 77.333333 min=67.00 smin=38.83  35 101.000000  18 88.000000
  38 90.000000 138.057143 77.800000 min=64.00 smin=25.89  35 101.000000  18 90.000000
  39 94.000000 155.314286 78.033333 min=60.00 smin= 8.63  35 101.000000  18 94.000000
  40 89.000000 133.742857 78.300000 min=67.00 smin=38.83  35 101.000000  18 89.000000
   0 88.000000 130.845238 75.800000 min=59.00 smin= 0.00   0 88.000000  25 88.000000
   1 87.000000 126.333333 77.666667 min=65.00 smin=27.07   0 88.000000  25 87.000000
   2 89.000000 135.357143 77.433333 min=67.00 smin=36.10   2 89.000000   6 89.000000
   3 90.000000 139.869048 78.000000 min=70.00 smin=49.63   3 90.000000  28 90.000000
   4 89.000000 135.357143 77.433333 min=65.00 smin=27.07   3 90.000000  28 89.000000
   5 90.000000 139.869048 78.266667 min=61.00 smin= 9.02   3 90.000000  28 90.000000
   6 86.000000 121.821429 78.633333 min=64.00 smin=22.56   3 90.000000  28 86.000000
   7 87.000000 126.333333 77.500000 min=65.00 smin=27.07   3 90.000000  28 87.000000
   8 87.000000 126.333333 76.200000 min=61.00 smin= 9.02   3 90.000000  28 87.000000
   9 92.000000 148.892857 79.600000 min=67.00 smin=36.10   9 92.000000  17 92.000000
  10 87.000000 126.333333 77.966667 min=66.00 smin=31.58   9 92.000000  17 87.000000
  11 92.000000 148.892857 77.966667 min=67.00 smin=36.10   9 92.000000  17 92.000000
  12 89.000000 135.357143 78.300000 min=67.00 smin=36.10   9 92.000000  17 89.000000
  13 89.000000 135.357143 76.766667 min=64.00 smin=22.56   9 92.000000  17 89.000000
  14 89.000000 135.357143 79.866667 min=72.00 smin=58.65   9 92.000000  17 89.000000
  15 94.000000 157.916667 78.766667 min=68.00 smin=40.61  15 94.000000  17 94.000000
  16 93.000000 153.404762 79.933333 min=70.00 smin=49.63  15 94.000000  17 93.000000
  17 90.000000 139.869048 78.700000 min=62.00 smin=13.54  15 94.000000  17 90.000000
  18 90.000000 139.869048 77.600000 min=66.00 smin=31.58  15 94.000000  17 90.000000
  19 91.000000 144.380952 76.400000 min=63.00 smin=18.05  15 94.000000  17 91.000000
  20 92.000000 148.892857 75.466667 min=61.00 smin= 9.02  15 94.000000  17 92.000000
  21 88.000000 130.845238 77.566667 min=67.00 smin=36.10  15 94.000000  17 88.000000
  22 94.000000 157.916667 79.266667 min=65.00 smin=27.07  15 94.000000  17 94.000000
  23 93.000000 153.404762 78.966667 min=61.00 smin= 9.02  15 94.000000  17 93.000000
  24 89.000000 135.357143 80.066667 min=68.00 smin=40.61  15 94.000000  17 89.000000
  25 92.000000 148.892857 78.733333 min=64.00 smin=22.56  15 94.000000  17 92.000000
  26 93.000000 153.404762 78.233333 min=61.00 smin= 9.02  15 94.000000  17 93.000000
  27 94.000000 157.916667 78.500000 min=65.00 smin=27.07  15 94.000000  17 94.000000
  28 89.000000 135.357143 78.666667 min=66.00 smin=31.58  15 94.000000  17 89.000000
  29 89.000000 135.357143 77.233333 min=67.00 smin=36.10  15 94.000000  17 89.000000
  30 86.000000 121.821429 76.966667 min=62.00 smin=13.54  15 94.000000  17 86.000000
  31 87.000000 126.333333 78.400000 min=68.00 smin=40.61  15 94.000000  17 87.000000
  32 91.000000 144.380952 80.100000 min=67.00 smin=36.10  15 94.000000  17 91.000000
  33 90.000000 139.869048 78.133333 min=64.00 smin=22.56  15 94.000000  17 90.000000
  34 95.000000 162.428571 78.866667 min=65.00 smin=27.07  34 95.000000   2 95.000000
  35 87.000000 126.333333 77.733333 min=63.00 smin=18.05  34 95.000000   2 87.000000
  36 89.000000 135.357143 76.700000 min=64.00 smin=22.56  34 95.000000   2 89.000000
  37 88.000000 130.845238 78.000000 min=62.00 smin=13.54  34 95.000000   2 88.000000
  38 88.000000 130.845238 76.300000 min=60.00 smin= 4.51  34 95.000000   2 88.000000
  39 90.000000 139.869048 77.400000 min=63.00 smin=18.05  34 95.000000   2 90.000000
  40 97.000000 171.452381 78.266667 min=64.00 smin=22.56  40 97.000000  25 97.000000
   0 88.000000 129.428571 75.500000 min=58.00 smin= 0.00   0 88.000000  15 88.000000
   1 97.000000 168.257143 80.966667 min=72.00 smin=60.40   1 97.000000  24 97.000000
   2 95.000000 159.628571 78.900000 min=69.00 smin=47.46   1 97.000000  24 95.000000
   3 86.000000 120.800000 77.133333 min=67.00 smin=38.83   1 97.000000  24 86.000000
   4 95.000000 159.628571 78.566667 min=65.00 smin=30.20   1 97.000000  24 95.000000
   5 88.000000 129.428571 79.166667 min=68.00 smin=43.14   1 97.000000  24 88.000000
   6 89.000000 133.742857 78.333333 min=69.00 smin=47.46   1 97.000000  24 89.000000
   7 90.000000 138.057143 77.633333 min=63.00 smin=21.57   1 97.000000  24 90.000000
   8 89.000000 133.742857 78.700000 min=68.00 smin=43.14   1 97.000000  24 89.000000
   9 88.000000 129.428571 77.266667 min=63.00 smin=21.57   1 97.000000  24 88.000000
  10 89.000000 133.742857 78.966667 min=63.00 smin=21.57   1 97.000000  24 89.000000
  11 88.000000 129.428571 79.000000 min=67.00 smin=38.83   1 97.000000  24 88.000000
  12 91.000000 142.371429 78.366667 min=67.00 smin=38.83   1 97.000000  24 91.000000
  13 88.000000 129.428571 76.533333 min=67.00 smin=38.83   1 97.000000  24 88.000000
  14 87.000000 125.114286 75.466667 min=69.00 smin=47.46   1 97.000000  24 87.000000
  15 89.000000 133.742857 76.833333 min=66.00 smin=34.51   1 97.000000  24 89.000000
  16 93.000000 151.000000 77.333333 min=63.00 smin=21.57   1 97.000000  24 93.000000
  17 90.000000 138.057143 77.166667 min=68.00 smin=43.14   1 97.000000  24 90.000000
  18 88.000000 129.428571 77.566667 min=65.00 smin=30.20   1 97.000000  24 88.000000
  19 95.000000 159.628571 77.766667 min=65.00 smin=30.20   1 97.000000  24 95.000000
  20 89.000000 133.742857 78.033333 min=67.00 smin=38.83   1 97.000000  24 89.000000
  21 91.000000 142.371429 79.433333 min=68.00 smin=43.14   1 97.000000  24 91.000000
  22 93.000000 151.000000 79.100000 min=65.00 smin=30.20   1 97.000000  24 93.000000
  23 97.000000 168.257143 80.400000 min=68.00 smin=43.14   1 97.000000  24 97.000000
  24 92.000000 146.685714 79.633333 min=66.00 smin=34.51   1 97.000000  24 92.000000
  25 96.000000 163.942857 81.700000 min=68.00 smin=43.14   1 97.000000  24 96.000000
  26 90.000000 138.057143 80.100000 min=72.00 smin=60.40   1 97.000000  24 90.000000
  27 91.000000 142.371429 79.700000 min=68.00 smin=43.14   1 97.000000  24 91.000000
  28 95.000000 159.628571 81.666667 min=63.00 smin=21.57   1 97.000000  24 95.000000
  29 95.000000 159.628571 81.000000 min=64.00 smin=25.89   1 97.000000  24 95.000000
  30 89.000000 133.742857 79.733333 min=69.00 smin=47.46   1 97.000000  24 89.000000
  31 92.000000 146.685714 79.233333 min=71.00 smin=56.09   1 97.000000  24 92.000000
  32 85.000000 116.485714 78.666667 min=70.00 smin=51.77   1 97.000000  24 85.000000
  33 92.000000 146.685714 78.133333 min=62.00 smin=17.26   1 97.000000  24 92.000000
  34 87.000000 125.114286 77.700000 min=62.00 smin=17.26   1 97.000000  24 87.000000
  35 87.000000 125.114286 78.066667 min=66.00 smin=34.51   1 97.000000  24 87.000000
  36 93.000000 151.000000 77.666667 min=69.00 smin=47.46   1 97.000000  24 93.000000
  37 89.000000 133.742857 78.033333 min=66.00 smin=34.51   1 97.000000  24 89.000000
  38 91.000000 142.371429 76.966667 min=67.00 smin=38.83   1 97.000000  24 91.000000
  39 89.000000 133.742857 78.333333 min=67.00 smin=38.83   1 97.000000  24 89.000000
  40 91.000000 142.371429 79.600000 min=69.00 smin=47.46   1 97.000000  24 91.000000
   0 88.000000 129.428571 75.500000 min=58.00 smin= 0.00   0 88.000000  15 88.000000
   1 97.000000 168.257143 81.566667 min=72.00 smin=60.40   1 97.000000  24 97.000000
   2 99.000000 176.885714 79.233333 min=69.00 smin=47.46   2 99.000000  25 99.000000
   3 88.000000 129.428571 78.466667 min=69.00 smin=47.46   2 99.000000  25 88.000000
   4 88.000000 129.428571 77.800000 min=69.00 smin=47.46   2 99.000000  25 88.000000
   5 85.000000 116.485714 77.333333 min=65.00 smin=30.20   2 99.000000  25 85.000000
   6 87.000000 125.114286 77.666667 min=66.00 smin=34.51   2 99.000000  25 87.000000
   7 97.000000 168.257143 79.800000 min=66.00 smin=34.51   2 99.000000  25 97.000000
   8 97.000000 168.257143 80.766667 min=61.00 smin=12.94   2 99.000000  25 97.000000
   9 93.000000 151.000000 79.033333 min=63.00 smin=21.57   2 99.000000  25 93.000000
  10 92.000000 146.685714 77.266667 min=65.00 smin=30.20   2 99.000000  25 92.000000
  11 90.000000 138.057143 76.800000 min=65.00 smin=30.20   2 99.000000  25 90.000000
  12 87.000000 125.114286 77.066667 min=62.00 smin=17.26   2 99.000000  25 87.000000
  13 87.000000 125.114286 75.733333 min=62.00 smin=17.26   2 99.000000  25 87.000000
  14 88.000000 129.428571 77.133333 min=63.00 smin=21.57   2 99.000000  25 88.000000
  15 93.000000 151.000000 78.233333 min=64.00 smin=25.89   2 99.000000  25 93.000000
  16 89.000000 133.742857 79.700000 min=66.00 smin=34.51   2 99.000000  25 89.000000
  17 87.000000 125.114286 78.166667 min=68.00 smin=43.14   2 99.000000  25 87.000000
  18 90.000000 138.057143 79.400000 min=67.00 smin=38.83   2 99.000000  25 90.000000
  19 91.000000 142.371429 77.966667 min=67.00 smin=38.83   2 99.000000  25 91.000000
  20 90.000000 138.057143 77.833333 min=67.00 smin=38.83   2 99.000000  25 90.000000
  21 94.000000 155.314286 78.233333 min=63.00 smin=21.57   2 99.000000  25 94.000000
  22 93.000000 151.000000 80.633333 min=67.00 smin=38.83   2 99.000000  25 93.000000
  23 93.000000 151.000000 79.333333 min=67.00 smin=38.83   2 99.000000  25 93.000000
  24 85.000000 116.485714 78.700000 min=65.00 smin=30.20   2 99.000000  25 85.000000
  25 86.000000 120.800000 77.266667 min=67.00 smin=38.83   2 99.000000  25 86.000000
  26 91.000000 142.371429 77.366667 min=69.00 smin=47.46   2 99.000000  25 91.000000
  27 89.000000 133.742857 78.000000 min=66.00 smin=34.51   2 99.000000  25 89.000000
  28 91.000000 142.371429 78.466667 min=63.00 smin=21.57   2 99.000000  25 91.000000
  29 90.000000 138.057143 78.900000 min=64.00 smin=25.89   2 99.000000  25 90.000000
  30 93.000000 151.000000 78.300000 min=61.00 smin=12.94   2 99.000000  25 93.000000
  31 97.000000 168.257143 77.100000 min=67.00 smin=38.83   2 99.000000  25 97.000000
  32 94.000000 155.314286 78.700000 min=65.00 smin=30.20   2 99.000000  25 94.000000
  33 93.000000 151.000000 79.500000 min=70.00 smin=51.77   2 99.000000  25 93.000000
  34 91.000000 142.371429 79.266667 min=72.00 smin=60.40   2 99.000000  25 91.000000
  35 91.000000 142.371429 77.466667 min=64.00 smin=25.89   2 99.000000  25 91.000000
  36 92.000000 146.685714 78.933333 min=63.00 smin=21.57   2 99.000000  25 92.000000
  37 90.000000 138.057143 78.900000 min=69.00 smin=47.46   2 99.000000  25 90.000000
  38 96.000000 163.942857 79.000000 min=63.00 smin=21.57   2 99.000000  25 96.000000
  39 95.000000 159.628571 77.666667 min=70.00 smin=51.77   2 99.000000  25 95.000000
  40 97.000000 168.257143 79.766667 min=71.00 smin=56.09   2 99.000000  25 97.000000
   0 88.000000 129.428571 75.500000 min=58.00 smin= 0.00   0 88.000000  15 88.000000
   1 101.000000 185.514286 80.100000 min=69.00 smin=47.46   1 101.000000  24 101.000000
   2 98.000000 172.571429 79.333333 min=63.00 smin=21.57   1 101.000000  24 98.000000
   3 92.000000 146.685714 77.333333 min=61.00 smin=12.94   1 101.000000  24 92.000000
   4 92.000000 146.685714 77.833333 min=68.00 smin=43.14   1 101.000000  24 92.000000
   5 93.000000 151.000000 77.733333 min=65.00 smin=30.20   1 101.000000  24 93.000000
   6 92.000000 146.685714 79.000000 min=64.00 smin=25.89   1 101.000000  24 92.000000
   7 91.000000 142.371429 76.400000 min=57.00 smin=-4.31   1 101.000000  24 91.000000
   8 96.000000 163.942857 77.566667 min=66.00 smin=34.51   1 101.000000  24 96.000000
   9 86.000000 120.800000 78.233333 min=64.00 smin=25.89   1 101.000000  24 86.000000
  10 89.000000 133.742857 76.900000 min=64.00 smin=25.89   1 101.000000  24 89.000000
  11 86.000000 120.800000 76.633333 min=66.00 smin=34.51   1 101.000000  24 86.000000
  12 85.000000 116.485714 74.966667 min=65.00 smin=30.20   1 101.000000  24 85.000000
  13 88.000000 129.428571 77.500000 min=67.00 smin=38.83   1 101.000000  24 88.000000
  14 89.000000 133.742857 76.900000 min=63.00 smin=21.57   1 101.000000  24 89.000000
  15 90.000000 138.057143 76.133333 min=60.00 smin= 8.63   1 101.000000  24 90.000000
  16 88.000000 129.428571 78.366667 min=69.00 smin=47.46   1 101.000000  24 88.000000
  17 96.000000 163.942857 77.500000 min=66.00 smin=34.51   1 101.000000  24 96.000000
  18 91.000000 142.371429 78.100000 min=64.00 smin=25.89   1 101.000000  24 91.000000
  19 90.000000 138.057143 76.666667 min=67.00 smin=38.83   1 101.000000  24 90.000000
  20 84.000000 112.171429 76.800000 min=69.00 smin=47.46   1 101.000000  24 84.000000
  21 84.000000 112.171429 75.400000 min=65.00 smin=30.20   1 101.000000  24 84.000000
  22 87.000000 125.114286 76.366667 min=69.00 smin=47.46   1 101.000000  24 87.000000
  23 93.000000 151.000000 77.433333 min=68.00 smin=43.14   1 101.000000  24 93.000000
  24 89.000000 133.742857 78.833333 min=64.00 smin=25.89   1 101.000000  24 89.000000
  25 87.000000 125.114286 78.833333 min=69.00 smin=47.46   1 101.000000  24 87.000000
  26 92.000000 146.685714 79.133333 min=68.00 smin=43.14   1 101.000000  24 92.000000
  27 89.000000 133.742857 77.200000 min=67.00 smin=38.83   1 101.000000  24 89.000000
  28 91.000000 142.371429 79.366667 min=63.00 smin=21.57   1 101.000000  24 91.000000
  29 93.000000 151.000000 77.166667 min=64.00 smin=25.89   1 101.000000  24 93.000000
  30 87.000000 125.114286 77.233333 min=66.00 smin=34.51   1 101.000000  24 87.000000
  31 90.000000 138.057143 78.066667 min=65.00 smin=30.20   1 101.000000  24 90.000000
  32 91.000000 142.371429 77.666667 min=63.00 smin=21.57   1 101.000000  24 91.000000
  33 89.000000 133.742857 76.566667 min=66.00 smin=34.51   1 101.000000  24 89.000000
  34 87.000000 125.114286 77.166667 min=64.00 smin=25.89   1 101.000000  24 87.000000
  35 90.000000 138.057143 77.833333 min=65.00 smin=30.20   1 101.000000  24 90.000000
  36 91.000000 142.371429 79.033333 min=71.00 smin=56.09   1 101.000000  24 91.000000
  37 92.000000 146.685714 77.166667 min=58.00 smin= 0.00   1 101.000000  24 92.000000
  38 90.000000 138.057143 77.533333 min=66.00 smin=34.51   1 101.000000  24 90.000000
  39 93.000000 151.000000 77.966667 min=64.00 smin=25.89   1 101.000000  24 93.000000
  40 98.000000 172.571429 78.100000 min=64.00 smin=25.89   1 101.000000  24 98.000000
   0 88.000000 129.428571 75.500000 min=58.00 smin= 0.00   0 88.000000  15 88.000000
   1 103.000000 194.142857 79.633333 min=69.00 smin=47.46   1 103.000000  24 103.000000
   2 102.000000 189.828571 79.000000 min=61.00 smin=12.94   1 103.000000  24 102.000000
   3 90.000000 138.057143 77.466667 min=66.00 smin=34.51   1 103.000000  24 90.000000
   4 89.000000 133.742857 78.733333 min=66.00 smin=34.51   1 103.000000  24 89.000000
   5 86.000000 120.800000 76.333333 min=63.00 smin=21.57   1 103.000000  24 86.000000
   6 87.000000 125.114286 78.933333 min=70.00 smin=51.77   1 103.000000  24 87.000000
   7 94.000000 155.314286 77.533333 min=63.00 smin=21.57   1 103.000000  24 94.000000
   8 91.000000 142.371429 78.500000 min=64.00 smin=25.89   1 103.000000  24 91.000000
   9 87.000000 125.114286 76.166667 min=63.00 smin=21.57   1 103.000000  24 87.000000
  10 89.000000 133.742857 79.066667 min=69.00 smin=47.46   1 103.000000  24 89.000000
  11 93.000000 151.000000 78.800000 min=68.00 smin=43.14   1 103.000000  24 93.000000
  12 94.000000 155.314286 77.900000 min=69.00 smin=47.46   1 103.000000  24 94.000000
  13 92.000000 146.685714 78.566667 min=64.00 smin=25.89   1 103.000000  24 92.000000
  14 89.000000 133.742857 76.633333 min=63.00 smin=21.57   1 103.000000  24 89.000000
  15 91.000000 142.371429 77.733333 min=67.00 smin=38.83   1 103.000000  24 91.000000
  16 91.000000 142.371429 78.200000 min=65.00 smin=30.20   1 103.000000  24 91.000000
  17 91.000000 142.371429 78.233333 min=64.00 smin=25.89   1 103.000000  24 91.000000
  18 88.000000 129.428571 78.566667 min=72.00 smin=60.40   1 103.000000  24 88.000000
  19 91.000000 142.371429 78.166667 min=65.00 smin=30.20   1 103.000000  24 91.000000
  20 91.000000 142.371429 78.333333 min=69.00 smin=47.46   1 103.000000  24 91.000000
  21 89.000000 133.742857 77.400000 min=67.00 smin=38.83   1 103.000000  24 89.000000
  22 92.000000 146.685714 78.333333 min=67.00 smin=38.83   1 103.000000  24 92.000000
  23 92.000000 146.685714 77.866667 min=60.00 smin= 8.63   1 103.000000  24 92.000000
  24 87.000000 125.114286 77.433333 min=68.00 smin=43.14   1 103.000000  24 87.000000
  25 91.000000 142.371429 77.166667 min=65.00 smin=30.20   1 103.000000  24 91.000000
  26 88.000000 129.428571 78.300000 min=68.00 smin=43.14   1 103.000000  24 88.000000
  27 91.000000 142.371429 77.466667 min=67.00 smin=38.83   1 103.000000  24 91.000000
  28 93.000000 151.000000 77.566667 min=66.00 smin=34.51   1 103.000000  24 93.000000
  29 90.000000 138.057143 78.100000 min=66.00 smin=34.51   1 103.000000  24 90.000000
  30 89.000000 133.742857 76.966667 min=60.00 smin= 8.63   1 103.000000  24 89.000000
  31 84.000000 112.171429 75.600000 min=60.00 smin= 8.63   1 103.000000  24 84.000000
  32 85.000000 116.485714 75.900000 min=66.00 smin=34.51   1 103.000000  24 85.000000
  33 89.000000 133.742857 76.766667 min=68.00 smin=43.14   1 103.000000  24 89.000000
  34 89.000000 133.742857 77.066667 min=66.00 smin=34.51   1 103.000000  24 89.000000
  35 85.000000 116.485714 76.566667 min=62.00 smin=17.26   1 103.000000  24 85.000000
  36 88.000000 129.428571 77.800000 min=63.00 smin=21.57   1 103.000000  24 88.000000
  37 91.000000 142.371429 78.033333 min=60.00 smin= 8.63   1 103.000000  24 91.000000
  38 88.000000 129.428571 79.000000 min=67.00 smin=38.83   1 103.000000  24 88.000000
  39 94.000000 155.314286 78.333333 min=65.00 smin=30.20   1 103.000000  24 94.000000
  40 91.000000 142.371429 78.000000 min=66.00 smin=34.51   1 103.000000  24 91.000000
   0 88.000000 129.428571 75.500000 min=58.00 smin= 0.00   0 88.000000  15 88.000000
   1 102.000000 189.828571 79.000000 min=68.00 smin=43.14   1 102.000000  24 102.000000
   2 101.000000 185.514286 78.966667 min=68.00 smin=43.14   1 102.000000  24 101.000000
   3 91.000000 142.371429 76.300000 min=67.00 smin=38.83   1 102.000000  24 91.000000
   4 90.000000 138.057143 77.900000 min=66.00 smin=34.51   1 102.000000  24 90.000000
   5 88.000000 129.428571 77.466667 min=59.00 smin= 4.31   1 102.000000  24 88.000000
   6 91.000000 142.371429 77.966667 min=64.00 smin=25.89   1 102.000000  24 91.000000
   7 88.000000 129.428571 77.366667 min=66.00 smin=34.51   1 102.000000  24 88.000000
   8 90.000000 138.057143 77.800000 min=65.00 smin=30.20   1 102.000000  24 90.000000
   9 89.000000 133.742857 75.933333 min=64.00 smin=25.89   1 102.000000  24 89.000000
  10 90.000000 138.057143 78.566667 min=70.00 smin=51.77   1 102.000000  24 90.000000
  11 90.000000 138.057143 77.500000 min=70.00 smin=51.77   1 102.000000  24 90.000000
  12 92.000000 146.685714 79.433333 min=70.00 smin=51.77   1 102.000000  24 92.000000
  13 94.000000 155.314286 79.466667 min=65.00 smin=30.20   1 102.000000  24 94.000000
  14 87.000000 125.114286 77.066667 min=54.00 smin=-17.26   1 102.000000  24 87.000000
  15 86.000000 120.800000 75.500000 min=67.00 smin=38.83   1 102.000000  24 86.000000
  16 87.000000 125.114286 77.466667 min=68.00 smin=43.14   1 102.000000  24 87.000000
  17 90.000000 138.057143 77.500000 min=63.00 smin=21.57   1 102.000000  24 90.000000
  18 91.000000 142.371429 77.833333 min=63.00 smin=21.57   1 102.000000  24 91.000000
  19 94.000000 155.314286 78.566667 min=59.00 smin= 4.31   1 102.000000  24 94.000000
  20 89.000000 133.742857 77.333333 min=65.00 smin=30.20   1 102.000000  24 89.000000
  21 89.000000 133.742857 77.733333 min=63.00 smin=21.57   1 102.000000  24 89.000000
  22 92.000000 146.685714 79.533333 min=66.00 smin=34.51   1 102.000000  24 92.000000
  23 91.000000 142.371429 77.933333 min=67.00 smin=38.83   1 102.000000  24 91.000000
  24 90.000000 138.057143 78.366667 min=66.00 smin=34.51   1 102.000000  24 90.000000
  25 91.000000 142.371429 77.866667 min=64.00 smin=25.89   1 102.000000  24 91.000000
  26 85.000000 116.485714 75.433333 min=58.00 smin= 0.00   1 102.000000  24 85.000000
  27 89.000000 133.742857 78.266667 min=70.00 smin=51.77   1 102.000000  24 89.000000
  28 88.000000 129.428571 78.100000 min=65.00 smin=30.20   1 102.000000  24 88.000000
  29 94.000000 155.314286 75.633333 min=67.00 smin=38.83   1 102.000000  24 94.000000
  30 84.000000 112.171429 76.600000 min=68.00 smin=43.14   1 102.000000  24 84.000000
  31 87.000000 125.114286 76.766667 min=59.00 smin= 4.31   1 102.000000  24 87.000000
  32 93.000000 151.000000 78.766667 min=70.00 smin=51.77   1 102.000000  24 93.000000
  33 93.000000 151.000000 80.266667 min=65.00 smin=30.20   1 102.000000  24 93.000000
  34 91.000000 142.371429 80.166667 min=65.00 smin=30.20   1 102.000000  24 91.000000
  35 92.000000 146.685714 76.600000 min=66.00 smin=34.51   1 102.000000  24 92.000000
  36 82.000000 103.542857 76.033333 min=67.00 smin=38.83   1 102.000000  24 82.000000
  37 92.000000 146.685714 79.566667 min=71.00 smin=56.09   1 102.000000  24 92.000000
  38 94.000000 155.314286 77.866667 min=63.00 smin=21.57   1 102.000000  24 94.000000
  39 93.000000 151.000000 76.233333 min=65.00 smin=30.20   1 102.000000  24 93.000000
  40 90.000000 138.057143 76.966667 min=66.00 smin=34.51   1 102.000000  24 90.000000
   0 88.000000 129.428571 75.500000 min=58.00 smin= 0.00   0 88.000000  15 88.000000
   1 102.000000 189.828571 79.400000 min=68.00 smin=43.14   1 102.000000  24 102.000000
   2 102.000000 189.828571 79.266667 min=66.00 smin=34.51   1 102.000000  24 102.000000
   3 93.000000 151.000000 77.400000 min=64.00 smin=25.89   1 102.000000  24 93.000000
   4 92.000000 146.685714 79.566667 min=69.00 smin=47.46   1 102.000000  24 92.000000
   5 88.000000 129.428571 77.900000 min=63.00 smin=21.57   1 102.000000  24 88.000000
   6 88.000000 129.428571 77.033333 min=67.00 smin=38.83   1 102.000000  24 88.000000
   7 89.000000 133.742857 77.566667 min=64.00 smin=25.89   1 102.000000  24 89.000000
   8 95.000000 159.628571 77.800000 min=66.00 smin=34.51   1 102.000000  24 95.000000
   9 89.000000 133.742857 77.000000 min=68.00 smin=43.14   1 102.000000  24 89.000000
  10 87.000000 125.114286 78.533333 min=64.00 smin=25.89   1 102.000000  24 87.000000
  11 93.000000 151.000000 78.900000 min=65.00 smin=30.20   1 102.000000  24 93.000000
  12 93.000000 151.000000 78.600000 min=61.00 smin=12.94   1 102.000000  24 93.000000
  13 86.000000 120.800000 79.033333 min=62.00 smin=17.26   1 102.000000  24 86.000000
  14 91.000000 142.371429 76.500000 min=65.00 smin=30.20   1 102.000000  24 91.000000
  15 90.000000 138.057143 78.866667 min=65.00 smin=30.20   1 102.000000  24 90.000000
  16 90.000000 138.057143 77.533333 min=67.00 smin=38.83   1 102.000000  24 90.000000
  17 86.000000 120.800000 78.766667 min=68.00 smin=43.14   1 102.000000  24 86.000000
  18 93.000000 151.000000 76.400000 min=67.00 smin=38.83   1 102.000000  24 93.000000
  19 90.000000 138.057143 78.466667 min=63.00 smin=21.57   1 102.000000  24 90.000000
  20 97.000000 168.257143 78.333333 min=55.00 smin=-12.94   1 102.000000  24 97.000000
  21 88.000000 129.428571 78.000000 min=60.00 smin= 8.63   1 102.000000  24 88.000000
  22 90.000000 138.057143 79.466667 min=66.00 smin=34.51   1 102.000000  24 90.000000
  23 89.000000 133.742857 77.200000 min=65.00 smin=30.20   1 102.000000  24 89.000000
  24 90.000000 138.057143 78.866667 min=69.00 smin=47.46   1 102.000000  24 90.000000
  25 95.000000 159.628571 77.900000 min=65.00 smin=30.20   1 102.000000  24 95.000000
  26 92.000000 146.685714 76.566667 min=64.00 smin=25.89   1 102.000000  24 92.000000
  27 87.000000 125.114286 77.200000 min=66.00 smin=34.51   1 102.000000  24 87.000000
  28 93.000000 151.000000 78.100000 min=66.00 smin=34.51   1 102.000000  24 93.000000
  29 91.000000 142.371429 78.766667 min=68.00 smin=43.14   1 102.000000  24 91.000000
  30 88.000000 129.428571 77.800000 min=68.00 smin=43.14   1 102.000000  24 88.000000
  31 90.000000 138.057143 78.033333 min=63.00 smin=21.57   1 102.000000  24 90.000000
  32 88.000000 129.428571 77.800000 min=67.00 smin=38.83   1 102.000000  24 88.000000
  33 87.000000 125.114286 76.333333 min=63.00 smin=21.57   1 102.000000  24 87.000000
  34 85.000000 116.485714 76.466667 min=63.00 smin=21.57   1 102.000000  24 85.000000
  35 86.000000 120.800000 78.800000 min=68.00 smin=43.14   1 102.000000  24 86.000000
  36 91.000000 142.371429 78.200000 min=68.00 smin=43.14   1 102.000000  24 91.000000
  37 93.000000 151.000000 77.366667 min=62.00 smin=17.26   1 102.000000  24 93.000000
  38 91.000000 142.371429 77.933333 min=64.00 smin=25.89   1 102.000000  24 91.000000
  39 89.000000 133.742857 78.400000 min=64.00 smin=25.89   1 102.000000  24 89.000000
  40 96.000000 163.942857 78.500000 min=69.00 smin=47.46   1 102.000000  24 96.000000
   0 88.000000 129.428571 75.500000 min=58.00 smin= 0.00   0 88.000000  15 88.000000
   1 103.000000 194.142857 79.333333 min=68.00 smin=43.14   1 103.000000  24 103.000000
   2 104.000000 198.457143 79.133333 min=64.00 smin=25.89   2 104.000000  25 104.000000
   3 95.000000 159.628571 77.900000 min=65.00 smin=30.20   2 104.000000  25 95.000000
   4 89.000000 133.742857 79.000000 min=70.00 smin=51.77   2 104.000000  25 89.000000
   5 87.000000 125.114286 77.133333 min=63.00 smin=21.57   2 104.000000  25 87.000000
   6 88.000000 129.428571 77.400000 min=70.00 smin=51.77   2 104.000000  25 88.000000
   7 91.000000 142.371429 78.600000 min=62.00 smin=17.26   2 104.000000  25 91.000000
   8 95.000000 159.628571 79.533333 min=57.00 smin=-4.31   2 104.000000  25 95.000000
   9 86.000000 120.800000 76.933333 min=67.00 smin=38.83   2 104.000000  25 86.000000
  10 91.000000 142.371429 78.266667 min=69.00 smin=47.46   2 104.000000  25 91.000000
  11 92.000000 146.685714 78.766667 min=67.00 smin=38.83   2 104.000000  25 92.000000
  12 90.000000 138.057143 79.066667 min=54.00 smin=-17.26   2 104.000000  25 90.000000
  13 94.000000 155.314286 80.100000 min=69.00 smin=47.46   2 104.000000  25 94.000000
  14 89.000000 133.742857 76.733333 min=67.00 smin=38.83   2 104.000000  25 89.000000
  15 92.000000 146.685714 77.800000 min=64.00 smin=25.89   2 104.000000  25 92.000000
  16 88.000000 129.428571 75.166667 min=64.00 smin=25.89   2 104.000000  25 88.000000
  17 91.000000 142.371429 77.300000 min=60.00 smin= 8.63   2 104.000000  25 91.000000
  18 91.000000 142.371429 78.133333 min=63.00 smin=21.57   2 104.000000  25 91.000000
  19 89.000000 133.742857 79.066667 min=66.00 smin=34.51   2 104.000000  25 89.000000
  20 89.000000 133.742857 77.200000 min=64.00 smin=25.89   2 104.000000  25 89.000000
  21 91.000000 142.371429 79.066667 min=63.00 smin=21.57   2 104.000000  25 91.000000
  22 89.000000 133.742857 80.933333 min=68.00 smin=43.14   2 104.000000  25 89.000000
  23 90.000000 138.057143 76.066667 min=64.00 smin=25.89   2 104.000000  25 90.000000
  24 91.000000 142.371429 77.300000 min=66.00 smin=34.51   2 104.000000  25 91.000000
  25 88.000000 129.428571 78.033333 min=67.00 smin=38.83   2 104.000000  25 88.000000
  26 92.000000 146.685714 77.066667 min=62.00 smin=17.26   2 104.000000  25 92.000000
  27 92.000000 146.685714 77.800000 min=68.00 smin=43.14   2 104.000000  25 92.000000
  28 94.000000 155.314286 77.133333 min=63.00 smin=21.57   2 104.000000  25 94.000000
  29 89.000000 133.742857 78.066667 min=65.00 smin=30.20   2 104.000000  25 89.000000
  30 92.000000 146.685714 77.166667 min=56.00 smin=-8.63   2 104.000000  25 92.000000
  31 91.000000 142.371429 76.800000 min=64.00 smin=25.89   2 104.000000  25 91.000000
  32 93.000000 151.000000 78.733333 min=65.00 smin=30.20   2 104.000000  25 93.000000
  33 96.000000 163.942857 79.300000 min=62.00 smin=17.26   2 104.000000  25 96.000000
  34 93.000000 151.000000 77.033333 min=64.00 smin=25.89   2 104.000000  25 93.000000
  35 88.000000 129.428571 78.033333 min=65.00 smin=30.20   2 104.000000  25 88.000000
  36 95.000000 159.628571 79.000000 min=59.00 smin= 4.31   2 104.000000  25 95.000000
  37 89.000000 133.742857 78.566667 min=69.00 smin=47.46   2 104.000000  25 89.000000
  38 91.000000 142.371429 78.233333 min=67.00 smin=38.83   2 104.000000  25 91.000000
  39 84.000000 112.171429 76.900000 min=68.00 smin=43.14   2 104.000000  25 84.000000
  40 88.000000 129.428571 78.600000 min=68.00 smin=43.14   2 104.000000  25 88.000000
   0 88.000000 129.428571 75.500000 min=58.00 smin= 0.00   0 88.000000  15 88.000000
   1 103.000000 194.142857 79.366667 min=69.00 smin=47.46   1 103.000000  24 103.000000
   2 102.000000 189.828571 79.133333 min=62.00 smin=17.26   1 103.000000  24 102.000000
   3 92.000000 146.685714 77.766667 min=64.00 smin=25.89   1 103.000000  24 92.000000
   4 88.000000 129.428571 79.200000 min=70.00 smin=51.77   1 103.000000  24 88.000000
   5 86.000000 120.800000 76.933333 min=63.00 smin=21.57   1 103.000000  24 86.000000
   6 86.000000 120.800000 78.266667 min=70.00 smin=51.77   1 103.000000  24 86.000000
   7 87.000000 125.114286 79.233333 min=64.00 smin=25.89   1 103.000000  24 87.000000
   8 93.000000 151.000000 80.300000 min=61.00 smin=12.94   1 103.000000  24 93.000000
   9 89.000000 133.742857 78.433333 min=63.00 smin=21.57   1 103.000000  24 89.000000
  10 88.000000 129.428571 78.133333 min=66.00 smin=34.51   1 103.000000  24 88.000000
  11 91.000000 142.371429 75.966667 min=65.00 smin=30.20   1 103.000000  24 91.000000
  12 92.000000 146.685714 78.100000 min=70.00 smin=51.77   1 103.000000  24 92.000000
  13 91.000000 142.371429 76.833333 min=62.00 smin=17.26   1 103.000000  24 91.000000
  14 86.000000 120.800000 75.666667 min=67.00 smin=38.83   1 103.000000  24 86.000000
  15 91.000000 142.371429 77.600000 min=68.00 smin=43.14   1 103.000000  24 91.000000
  16 89.000000 133.742857 78.366667 min=68.00 smin=43.14   1 103.000000  24 89.000000
  17 93.000000 151.000000 78.133333 min=69.00 smin=47.46   1 103.000000  24 93.000000
  18 85.000000 116.485714 79.366667 min=72.00 smin=60.40   1 103.000000  24 85.000000
  19 92.000000 146.685714 80.000000 min=65.00 smin=30.20   1 103.000000  24 92.000000
  20 86.000000 120.800000 79.100000 min=69.00 smin=47.46   1 103.000000  24 86.000000
  21 91.000000 142.371429 79.466667 min=68.00 smin=43.14   1 103.000000  24 91.000000
  22 88.000000 129.428571 77.400000 min=61.00 smin=12.94   1 103.000000  24 88.000000
  23 92.000000 146.685714 76.200000 min=60.00 smin= 8.63   1 103.000000  24 92.000000
  24 87.000000 125.114286 76.100000 min=66.00 smin=34.51   1 103.000000  24 87.000000
  25 96.000000 163.942857 77.066667 min=66.00 smin=34.51   1 103.000000  24 96.000000
  26 94.000000 155.314286 77.500000 min=59.00 smin= 4.31   1 103.000000  24 94.000000
  27 90.000000 138.057143 78.900000 min=69.00 smin=47.46   1 103.000000  24 90.000000
  28 90.000000 138.057143 77.800000 min=64.00 smin=25.89   1 103.000000  24 90.000000
  29 87.000000 125.114286 76.800000 min=66.00 smin=34.51   1 103.000000  24 87.000000
  30 89.000000 133.742857 74.966667 min=58.00 smin= 0.00   1 103.000000  24 89.000000
  31 93.000000 151.000000 78.300000 min=59.00 smin= 4.31   1 103.000000  24 93.000000
  32 93.000000 151.000000 77.600000 min=61.00 smin=12.94   1 103.000000  24 93.000000
  33 88.000000 129.428571 76.466667 min=63.00 smin=21.57   1 103.000000  24 88.000000
  34 88.000000 129.428571 75.100000 min=62.00 smin=17.26   1 103.000000  24 88.000000
  35 88.000000 129.428571 77.400000 min=65.00 smin=30.20   1 103.000000  24 88.000000
  36 89.000000 133.742857 78.433333 min=64.00 smin=25.89   1 103.000000  24 89.000000
  37 89.000000 133.742857 77.300000 min=65.00 smin=30.20   1 103.000000  24 89.000000
  38 85.000000 116.485714 77.433333 min=68.00 smin=43.14   1 103.000000  24 85.000000
  39 92.000000 146.685714 77.566667 min=68.00 smin=43.14   1 103.000000  24 92.000000
  40 92.000000 146.685714 77.900000 min=65.00 smin=30.20   1 103.000000  24 92.000000
