   0 82.000000 100.460064 74.866667 min=54.00 smin= 0.00   0 82.000000   6 82.000000
   1 88.000000 121.987220 80.500000 min=70.00 smin=57.41   1 88.000000  22 88.000000
   2 91.000000 132.750799 78.100000 min=67.00 smin=46.64   2 91.000000  27 91.000000
   3 91.000000 132.750799 77.600000 min=66.00 smin=43.05   2 91.000000  27 91.000000
   4 92.000000 136.338658 78.300000 min=63.00 smin=32.29   4 92.000000   7 92.000000
   5 89.000000 125.575080 78.533333 min=69.00 smin=53.82   4 92.000000   7 89.000000
   6 90.000000 129.162939 79.433333 min=66.00 smin=43.05   4 92.000000   7 90.000000
   7 92.000000 136.338658 79.800000 min=70.00 smin=57.41   4 92.000000   7 92.000000
   8 91.000000 132.750799 80.100000 min=69.00 smin=53.82   4 92.000000   7 91.000000
   9 92.000000 136.338658 80.333333 min=70.00 smin=57.41   4 92.000000   7 92.000000
  10 90.000000 129.162939 78.466667 min=69.00 smin=53.82   4 92.000000   7 90.000000
  11 91.000000 132.750799 77.166667 min=61.00 smin=25.12   4 92.000000   7 91.000000
  12 85.000000 111.223642 76.466667 min=65.00 smin=39.47   4 92.000000   7 85.000000
  13 86.000000 114.811502 76.400000 min=66.00 smin=43.05   4 92.000000   7 86.000000
  14 85.000000 111.223642 75.700000 min=64.00 smin=35.88   4 92.000000   7 85.000000
  15 90.000000 129.162939 77.133333 min=60.00 smin=21.53   4 92.000000   7 90.000000
  16 87.000000 118.399361 77.033333 min=63.00 smin=32.29   4 92.000000   7 87.000000
  17 88.000000 121.987220 78.300000 min=66.00 smin=43.05   4 92.000000   7 88.000000
  18 88.000000 121.987220 77.466667 min=67.00 smin=46.64   4 92.000000   7 88.000000
  19 90.000000 129.162939 77.466667 min=68.00 smin=50.23   4 92.000000   7 90.000000
  20 90.000000 129.162939 77.666667 min=67.00 smin=46.64   4 92.000000   7 90.000000
  21 91.000000 132.750799 78.766667 min=66.00 smin=43.05   4 92.000000   7 91.000000
  22 91.000000 132.750799 78.066667 min=63.00 smin=32.29   4 92.000000   7 91.000000
  23 95.000000 147.102236 80.533333 min=70.00 smin=57.41  23 95.000000  20 95.000000
  24 98.000000 157.865815 76.900000 min=63.00 smin=32.29  24 98.000000   6 98.000000
  25 86.000000 114.811502 78.100000 min=67.00 smin=46.64  24 98.000000   6 86.000000
  26 88.000000 121.987220 76.300000 min=63.00 smin=32.29  24 98.000000   6 88.000000
  27 90.000000 129.162939 76.200000 min=65.00 smin=39.47  24 98.000000   6 90.000000
  28 91.000000 132.750799 78.033333 min=64.00 smin=35.88  24 98.000000   6 91.000000
  29 94.000000 143.514377 79.133333 min=65.00 smin=39.47  24 98.000000   6 94.000000
  30 89.000000 125.575080 76.933333 min=68.00 smin=50.23  24 98.000000   6 89.000000
  31 88.000000 121.987220 76.966667 min=69.00 smin=53.82  24 98.000000   6 88.000000
  32 91.000000 132.750799 77.833333 min=68.00 smin=50.23  24 98.000000   6 91.000000
  33 91.000000 132.750799 79.833333 min=70.00 smin=57.41  24 98.000000   6 91.000000
  34 90.000000 129.162939 79.133333 min=71.00 smin=60.99  24 98.000000   6 90.000000
  35 90.000000 129.162939 78.433333 min=65.00 smin=39.47  24 98.000000   6 90.000000
  36 95.000000 147.102236 80.766667 min=62.00 smin=28.70  24 98.000000   6 95.000000
  37 98.000000 157.865815 77.666667 min=69.00 smin=53.82  24 98.000000   6 98.000000
  38 85.000000 111.223642 77.333333 min=64.00 smin=35.88  24 98.000000   6 85.000000
  39 89.000000 125.575080 77.000000 min=66.00 smin=43.05  24 98.000000   6 89.000000
  40 86.000000 114.811502 77.266667 min=70.00 smin=57.41  24 98.000000   6 86.000000
   0 90.000000 147.496815 74.700000 min=59.00 smin= 0.00   0 90.000000  15 90.000000
   1 90.000000 147.496815 76.700000 min=64.00 smin=23.79   0 90.000000  15 90.000000
   2 86.000000 128.464968 76.466667 min=65.00 smin=28.55   0 90.000000  15 86.000000
   3 89.000000 142.738854 77.366667 min=68.00 smin=42.82   0 90.000000  15 89.000000
   4 91.000000 152.254777 79.300000 min=61.00 smin= 9.52   4 91.000000  11 91.000000
   5 87.000000 133.222930 78.366667 min=66.00 smin=33.31   4 91.000000  11 87.000000
   6 92.000000 157.012739 77.166667 min=69.00 smin=47.58   6 92.000000   0 92.000000
   7 89.000000 142.738854 77.233333 min=68.00 smin=42.82   6 92.000000   0 89.000000
   8 90.000000 147.496815 76.366667 min=61.00 smin= 9.52   6 92.000000   0 90.000000
   9 89.000000 142.738854 77.133333 min=64.00 smin=23.79   6 92.000000   0 89.000000
  10 88.000000 137.980892 77.433333 min=66.00 smin=33.31   6 92.000000   0 88.000000
  11 90.000000 147.496815 77.700000 min=65.00 smin=28.55   6 92.000000   0 90.000000
  12 90.000000 147.496815 76.866667 min=67.00 smin=38.06   6 92.000000   0 90.000000
  13 91.000000 152.254777 78.133333 min=71.00 smin=57.10   6 92.000000   0 91.000000
  14 88.000000 137.980892 77.900000 min=65.00 smin=28.55   6 92.000000   0 88.000000
  15 90.000000 147.496815 79.833333 min=65.00 smin=28.55   6 92.000000   0 90.000000
  16 88.000000 137.980892 79.166667 min=64.00 smin=23.79   6 92.000000   0 88.000000
  17 92.000000 157.012739 78.266667 min=67.00 smin=38.06   6 92.000000   0 92.000000
  18 92.000000 157.012739 77.633333 min=66.00 smin=33.31   6 92.000000   0 92.000000
  19 90.000000 147.496815 76.266667 min=65.00 smin=28.55   6 92.000000   0 90.000000
  20 88.000000 137.980892 77.833333 min=63.00 smin=19.03   6 92.000000   0 88.000000
  21 90.000000 147.496815 77.833333 min=66.00 smin=33.31   6 92.000000   0 90.000000
  22 91.000000 152.254777 78.866667 min=69.00 smin=47.58   6 92.000000   0 91.000000
  23 91.000000 152.254777 78.033333 min=68.00 smin=42.82   6 92.000000   0 91.000000
  24 90.000000 147.496815 76.666667 min=68.00 smin=42.82   6 92.000000   0 90.000000
  25 85.000000 123.707006 77.300000 min=70.00 smin=52.34   6 92.000000   0 85.000000
  26 91.000000 152.254777 77.366667 min=66.00 smin=33.31   6 92.000000   0 91.000000
  27 85.000000 123.707006 76.266667 min=65.00 smin=28.55   6 92.000000   0 85.000000
  28 90.000000 147.496815 78.700000 min=67.00 smin=38.06   6 92.000000   0 90.000000
  29 94.000000 166.528662 79.100000 min=69.00 smin=47.58  29 94.000000  21 94.000000
  30 89.000000 142.738854 78.066667 min=66.00 smin=33.31  29 94.000000  21 89.000000
  31 92.000000 157.012739 77.533333 min=61.00 smin= 9.52  29 94.000000  21 92.000000
  32 95.000000 171.286624 78.466667 min=65.00 smin=28.55  32 95.000000   0 95.000000
  33 87.000000 133.222930 78.566667 min=67.00 smin=38.06  32 95.000000   0 87.000000
  34 89.000000 142.738854 78.600000 min=66.00 smin=33.31  32 95.000000   0 89.000000
  35 83.000000 114.191083 77.100000 min=68.00 smin=42.82  32 95.000000   0 83.000000
  36 90.000000 147.496815 77.800000 min=66.00 smin=33.31  32 95.000000   0 90.000000
  37 91.000000 152.254777 77.833333 min=61.00 smin= 9.52  32 95.000000   0 91.000000
  38 92.000000 157.012739 78.566667 min=63.00 smin=19.03  32 95.000000   0 92.000000
  39 89.000000 142.738854 77.966667 min=65.00 smin=28.55  32 95.000000   0 89.000000
  40 87.000000 133.222930 77.233333 min=62.00 smin=14.27  32 95.000000   0 87.000000
   0 86.000000 151.145329 76.633333 min=67.00 smin= 0.00   0 86.000000  27 86.000000
   1 94.000000 214.785467 78.433333 min=68.00 smin= 7.96   1 94.000000   3 94.000000
   2 90.000000 182.965398 78.066667 min=66.00 smin=-7.96   1 94.000000   3 90.000000
   3 87.000000 159.100346 79.566667 min=68.00 smin= 7.96   1 94.000000   3 87.000000
   4 88.000000 167.055363 76.633333 min=64.00 smin=-23.87   1 94.000000   3 88.000000
   5 88.000000 167.055363 79.466667 min=65.00 smin=-15.91   1 94.000000   3 88.000000
   6 92.000000 198.875433 77.600000 min=63.00 smin=-31.82   1 94.000000   3 92.000000
   7 87.000000 159.100346 76.666667 min=66.00 smin=-7.96   1 94.000000   3 87.000000
   8 90.000000 182.965398 77.200000 min=57.00 smin=-79.55   1 94.000000   3 90.000000
   9 88.000000 167.055363 76.766667 min=58.00 smin=-71.60   1 94.000000   3 88.000000
  10 88.000000 167.055363 78.533333 min=67.00 smin= 0.00   1 94.000000   3 88.000000
  11 92.000000 198.875433 78.133333 min=67.00 smin= 0.00   1 94.000000   3 92.000000
  12 92.000000 198.875433 78.933333 min=67.00 smin= 0.00   1 94.000000   3 92.000000
  13 88.000000 167.055363 78.133333 min=60.00 smin=-55.69   1 94.000000   3 88.000000
  14 88.000000 167.055363 78.666667 min=66.00 smin=-7.96   1 94.000000   3 88.000000
  15 90.000000 182.965398 77.200000 min=66.00 smin=-7.96   1 94.000000   3 90.000000
  16 99.000000 254.560554 79.033333 min=69.00 smin=15.91  16 99.000000  19 99.000000
  17 90.000000 182.965398 76.533333 min=65.00 smin=-15.91  16 99.000000  19 90.000000
  18 92.000000 198.875433 78.666667 min=62.00 smin=-39.78  16 99.000000  19 92.000000
  19 88.000000 167.055363 78.000000 min=70.00 smin=23.87  16 99.000000  19 88.000000
  20 89.000000 175.010381 78.333333 min=70.00 smin=23.87  16 99.000000  19 89.000000
  21 91.000000 190.920415 78.766667 min=69.00 smin=15.91  16 99.000000  19 91.000000
  22 95.000000 222.740484 80.633333 min=70.00 smin=23.87  16 99.000000  19 95.000000
  23 94.000000 214.785467 79.366667 min=69.00 smin=15.91  16 99.000000  19 94.000000
  24 92.000000 198.875433 80.033333 min=68.00 smin= 7.96  16 99.000000  19 92.000000
  25 90.000000 182.965398 79.600000 min=68.00 smin= 7.96  16 99.000000  19 90.000000
  26 88.000000 167.055363 77.600000 min=62.00 smin=-39.78  16 99.000000  19 88.000000
  27 89.000000 175.010381 77.366667 min=69.00 smin=15.91  16 99.000000  19 89.000000
  28 91.000000 190.920415 79.433333 min=68.00 smin= 7.96  16 99.000000  19 91.000000
  29 94.000000 214.785467 80.966667 min=70.00 smin=23.87  16 99.000000  19 94.000000
  30 89.000000 175.010381 80.733333 min=69.00 smin=15.91  16 99.000000  19 89.000000
  31 90.000000 182.965398 79.100000 min=69.00 smin=15.91  16 99.000000  19 90.000000
  32 91.000000 190.920415 79.400000 min=59.00 smin=-63.64  16 99.000000  19 91.000000
  33 91.000000 190.920415 80.633333 min=71.00 smin=31.82  16 99.000000  19 91.000000
  34 91.000000 190.920415 78.166667 min=61.00 smin=-47.73  16 99.000000  19 91.000000
  35 94.000000 214.785467 79.366667 min=69.00 smin=15.91  16 99.000000  19 94.000000
  36 90.000000 182.965398 78.966667 min=73.00 smin=47.73  16 99.000000  19 90.000000
  37 87.000000 159.100346 78.900000 min=70.00 smin=23.87  16 99.000000  19 87.000000
  38 93.000000 206.830450 78.500000 min=64.00 smin=-23.87  16 99.000000  19 93.000000
  39 89.000000 175.010381 77.400000 min=66.00 smin=-7.96  16 99.000000  19 89.000000
  40 86.000000 151.145329 77.200000 min=67.00 smin= 0.00  16 99.000000  19 86.000000
