   0, 34.000000, 4268.666667, 32.015000, min=32.00, smin= 0.00,    0, 34.000000,  26,  34.000000
   1, 34.000000, 4268.666667, 32.015000, min=30.00, smin=-4268.67,    0, 34.000000,  26,  34.000000
   2, 33.000000, 2134.333333, 31.925000, min=24.00, smin=-17074.67,    0, 34.000000,  26,  33.000000
   3, 36.000000, 8537.333333, 32.030000, min=30.00, smin=-4268.67,    3, 36.000000,  55,  36.000000
   4, 36.000000, 8537.333333, 32.015000, min=29.00, smin=-6403.00,    3, 36.000000,  55,  36.000000
   5, 32.000000, 0.000000, 31.980000, min=30.00, smin=-4268.67,    3, 36.000000,  55,  32.000000
   6, 34.000000, 4268.666667, 32.000000, min=30.00, smin=-4268.67,    3, 36.000000,  55,  34.000000
   7, 34.000000, 4268.666667, 31.980000, min=28.00, smin=-8537.33,    3, 36.000000,  55,  34.000000
   8, 40.000000, 17074.666667, 32.010000, min=24.00, smin=-17074.67,    8, 40.000000,  26,  40.000000
   9, 34.000000, 4268.666667, 32.010000, min=30.00, smin=-4268.67,    8, 40.000000,  26,  34.000000
  10, 33.000000, 2134.333333, 32.005000, min=31.00, smin=-2134.33,    8, 40.000000,  26,  33.000000
  11, 33.000000, 2134.333333, 32.005000, min=32.00, smin= 0.00,    8, 40.000000,  26,  33.000000
  12, 34.000000, 4268.666667, 32.010000, min=31.00, smin=-2134.33,    8, 40.000000,  26,  34.000000
  13, 32.000000, 0.000000, 32.000000, min=32.00, smin= 0.00,    8, 40.000000,  26,  32.000000
  14, 32.000000, 0.000000, 32.000000, min=32.00, smin= 0.00,    8, 40.000000,  26,  32.000000
  15, 32.000000, 0.000000, 32.000000, min=32.00, smin= 0.00,    8, 40.000000,  26,  32.000000
  16, 33.000000, 2134.333333, 31.975000, min=30.00, smin=-4268.67,    8, 40.000000,  26,  33.000000
  17, 40.000000, 17074.666667, 32.050000, min=31.00, smin=-2134.33,    8, 40.000000,  26,  40.000000
  18, 33.000000, 2134.333333, 31.995000, min=30.00, smin=-4268.67,    8, 40.000000,  26,  33.000000
  19, 36.000000, 8537.333333, 32.015000, min=31.00, smin=-2134.33,    8, 40.000000,  26,  36.000000
  20, 33.000000, 2134.333333, 31.990000, min=30.00, smin=-4268.67,    8, 40.000000,  26,  33.000000
  21, 32.000000, 0.000000, 31.995000, min=31.00, smin=-2134.33,    8, 40.000000,  26,  32.000000
  22, 34.000000, 4268.666667, 31.975000, min=28.00, smin=-8537.33,    8, 40.000000,  26,  34.000000
  23, 32.000000, 0.000000, 31.985000, min=30.00, smin=-4268.67,    8, 40.000000,  26,  32.000000
  24, 34.000000, 4268.666667, 31.990000, min=30.00, smin=-4268.67,    8, 40.000000,  26,  34.000000
  25, 36.000000, 8537.333333, 32.015000, min=30.00, smin=-4268.67,    8, 40.000000,  26,  36.000000
  26, 32.000000, 0.000000, 31.995000, min=31.00, smin=-2134.33,    8, 40.000000,  26,  32.000000
  27, 33.000000, 2134.333333, 32.010000, min=32.00, smin= 0.00,    8, 40.000000,  26,  33.000000
  28, 34.000000, 4268.666667, 32.010000, min=31.00, smin=-2134.33,    8, 40.000000,  26,  34.000000
  29, 35.000000, 6403.000000, 32.015000, min=31.00, smin=-2134.33,    8, 40.000000,  26,  35.000000
  30, 33.000000, 2134.333333, 31.995000, min=31.00, smin=-2134.33,    8, 40.000000,  26,  33.000000
  31, 32.000000, 0.000000, 32.000000, min=32.00, smin= 0.00,    8, 40.000000,  26,  32.000000
  32, 40.000000, 17074.666667, 32.040000, min=31.00, smin=-2134.33,    8, 40.000000,  26,  40.000000
  33, 34.000000, 4268.666667, 32.020000, min=32.00, smin= 0.00,    8, 40.000000,  26,  34.000000
  34, 34.000000, 4268.666667, 31.955000, min=24.00, smin=-17074.67,    8, 40.000000,  26,  34.000000
  35, 40.000000, 17074.666667, 32.060000, min=31.00, smin=-2134.33,    8, 40.000000,  26,  40.000000
  36, 34.000000, 4268.666667, 31.965000, min=28.00, smin=-8537.33,    8, 40.000000,  26,  34.000000
  37, 36.000000, 8537.333333, 32.010000, min=28.00, smin=-8537.33,    8, 40.000000,  26,  36.000000
  38, 34.000000, 4268.666667, 31.980000, min=30.00, smin=-4268.67,    8, 40.000000,  26,  34.000000
  39, 32.000000, 0.000000, 31.990000, min=30.00, smin=-4268.67,    8, 40.000000,  26,  32.000000
  40, 32.000000, 0.000000, 31.945000, min=28.00, smin=-8537.33,    8, 40.000000,  26,  32.000000
  41, 34.000000, 4268.666667, 32.015000, min=31.00, smin=-2134.33,    8, 40.000000,  26,  34.000000
  42, 32.000000, 0.000000, 32.000000, min=32.00, smin= 0.00,    8, 40.000000,  26,  32.000000
  43, 33.000000, 2134.333333, 31.975000, min=29.00, smin=-6403.00,    8, 40.000000,  26,  33.000000
  44, 34.000000, 4268.666667, 31.995000, min=29.00, smin=-6403.00,    8, 40.000000,  26,  34.000000
  45, 32.000000, 0.000000, 31.985000, min=31.00, smin=-2134.33,    8, 40.000000,  26,  32.000000
  46, 36.000000, 8537.333333, 32.010000, min=30.00, smin=-4268.67,    8, 40.000000,  26,  36.000000
  47, 35.000000, 6403.000000, 32.025000, min=31.00, smin=-2134.33,    8, 40.000000,  26,  35.000000
  48, 32.000000, 0.000000, 31.985000, min=30.00, smin=-4268.67,    8, 40.000000,  26,  32.000000
  49, 34.000000, 4268.666667, 32.020000, min=32.00, smin= 0.00,    8, 40.000000,  26,  34.000000
  50, 34.000000, 4268.666667, 32.010000, min=31.00, smin=-2134.33,    8, 40.000000,  26,  34.000000
  51, 36.000000, 8537.333333, 32.010000, min=30.00, smin=-4268.67,    8, 40.000000,  26,  36.000000
  52, 34.000000, 4268.666667, 32.015000, min=31.00, smin=-2134.33,    8, 40.000000,  26,  34.000000
  53, 34.000000, 4268.666667, 31.940000, min=24.00, smin=-17074.67,    8, 40.000000,  26,  34.000000
  54, 34.000000, 4268.666667, 32.005000, min=31.00, smin=-2134.33,    8, 40.000000,  26,  34.000000
  55, 34.000000, 4268.666667, 32.015000, min=31.00, smin=-2134.33,    8, 40.000000,  26,  34.000000
  56, 33.000000, 2134.333333, 31.990000, min=30.00, smin=-4268.67,    8, 40.000000,  26,  33.000000
  57, 32.000000, 0.000000, 31.995000, min=31.00, smin=-2134.33,    8, 40.000000,  26,  32.000000
  58, 32.000000, 0.000000, 31.990000, min=30.00, smin=-4268.67,    8, 40.000000,  26,  32.000000
  59, 34.000000, 4268.666667, 31.995000, min=28.00, smin=-8537.33,    8, 40.000000,  26,  34.000000
  60, 40.000000, 17074.666667, 32.055000, min=31.00, smin=-2134.33,    8, 40.000000,  26,  40.000000
  61, 33.000000, 2134.333333, 31.975000, min=30.00, smin=-4268.67,    8, 40.000000,  26,  33.000000
  62, 32.000000, 0.000000, 32.000000, min=32.00, smin= 0.00,    8, 40.000000,  26,  32.000000
  63, 33.000000, 2134.333333, 31.985000, min=30.00, smin=-4268.67,    8, 40.000000,  26,  33.000000
  64, 33.000000, 2134.333333, 31.990000, min=30.00, smin=-4268.67,    8, 40.000000,  26,  33.000000
  65, 34.000000, 4268.666667, 32.020000, min=31.00, smin=-2134.33,    8, 40.000000,  26,  34.000000
  66, 33.000000, 2134.333333, 32.005000, min=31.00, smin=-2134.33,    8, 40.000000,  26,  33.000000
  67, 34.000000, 4268.666667, 32.005000, min=31.00, smin=-2134.33,    8, 40.000000,  26,  34.000000
  68, 32.000000, 0.000000, 31.990000, min=30.00, smin=-4268.67,    8, 40.000000,  26,  32.000000
  69, 34.000000, 4268.666667, 32.030000, min=31.00, smin=-2134.33,    8, 40.000000,  26,  34.000000
  70, 32.000000, 0.000000, 31.965000, min=28.00, smin=-8537.33,    8, 40.000000,  26,  32.000000
  71, 35.000000, 6403.000000, 31.990000, min=28.00, smin=-8537.33,    8, 40.000000,  26,  35.000000
  72, 33.000000, 2134.333333, 31.995000, min=30.00, smin=-4268.67,    8, 40.000000,  26,  33.000000
  73, 34.000000, 4268.666667, 32.005000, min=30.00, smin=-4268.67,    8, 40.000000,  26,  34.000000
  74, 34.000000, 4268.666667, 32.000000, min=31.00, smin=-2134.33,    8, 40.000000,  26,  34.000000
  75, 33.000000, 2134.333333, 32.000000, min=31.00, smin=-2134.33,    8, 40.000000,  26,  33.000000
  76, 32.000000, 0.000000, 31.990000, min=30.00, smin=-4268.67,    8, 40.000000,  26,  32.000000
  77, 34.000000, 4268.666667, 31.990000, min=28.00, smin=-8537.33,    8, 40.000000,  26,  34.000000
  78, 34.000000, 4268.666667, 32.025000, min=32.00, smin= 0.00,    8, 40.000000,  26,  34.000000
  79, 35.000000, 6403.000000, 32.000000, min=28.00, smin=-8537.33,    8, 40.000000,  26,  35.000000
  80, 33.000000, 2134.333333, 31.980000, min=28.00, smin=-8537.33,    8, 40.000000,  26,  33.000000
  81, 34.000000, 4268.666667, 32.005000, min=31.00, smin=-2134.33,    8, 40.000000,  26,  34.000000
  82, 32.000000, 0.000000, 31.985000, min=29.00, smin=-6403.00,    8, 40.000000,  26,  32.000000
  83, 35.000000, 6403.000000, 32.020000, min=32.00, smin= 0.00,    8, 40.000000,  26,  35.000000
  84, 32.000000, 0.000000, 31.975000, min=28.00, smin=-8537.33,    8, 40.000000,  26,  32.000000
  85, 33.000000, 2134.333333, 31.920000, min=24.00, smin=-17074.67,    8, 40.000000,  26,  33.000000
  86, 33.000000, 2134.333333, 31.980000, min=29.00, smin=-6403.00,    8, 40.000000,  26,  33.000000
  87, 34.000000, 4268.666667, 31.980000, min=28.00, smin=-8537.33,    8, 40.000000,  26,  34.000000
  88, 36.000000, 8537.333333, 32.010000, min=30.00, smin=-4268.67,    8, 40.000000,  26,  36.000000
  89, 32.000000, 0.000000, 32.000000, min=32.00, smin= 0.00,    8, 40.000000,  26,  32.000000
  90, 38.000000, 12806.000000, 32.050000, min=30.00, smin=-4268.67,    8, 40.000000,  26,  38.000000
  91, 33.000000, 2134.333333, 32.005000, min=32.00, smin= 0.00,    8, 40.000000,  26,  33.000000
  92, 34.000000, 4268.666667, 32.010000, min=31.00, smin=-2134.33,    8, 40.000000,  26,  34.000000
  93, 33.000000, 2134.333333, 32.010000, min=32.00, smin= 0.00,    8, 40.000000,  26,  33.000000
  94, 40.000000, 17074.666667, 32.035000, min=28.00, smin=-8537.33,    8, 40.000000,  26,  40.000000
  95, 34.000000, 4268.666667, 32.010000, min=28.00, smin=-8537.33,    8, 40.000000,  26,  34.000000
  96, 33.000000, 2134.333333, 32.000000, min=31.00, smin=-2134.33,    8, 40.000000,  26,  33.000000
  97, 33.000000, 2134.333333, 31.995000, min=30.00, smin=-4268.67,    8, 40.000000,  26,  33.000000
  98, 33.000000, 2134.333333, 32.005000, min=30.00, smin=-4268.67,    8, 40.000000,  26,  33.000000
  99, 35.000000, 6403.000000, 32.010000, min=30.00, smin=-4268.67,    8, 40.000000,  26,  35.000000
 100, 34.000000, 4268.666667, 32.015000, min=31.00, smin=-2134.33,    8, 40.000000,  26,  34.000000
 101, 32.000000, 0.000000, 31.985000, min=29.00, smin=-6403.00,    8, 40.000000,  26,  32.000000
 102, 32.000000, 0.000000, 31.995000, min=31.00, smin=-2134.33,    8, 40.000000,  26,  32.000000
 103, 34.000000, 4268.666667, 32.010000, min=31.00, smin=-2134.33,    8, 40.000000,  26,  34.000000
 104, 34.000000, 4268.666667, 31.995000, min=28.00, smin=-8537.33,    8, 40.000000,  26,  34.000000
 105, 36.000000, 8537.333333, 32.020000, min=30.00, smin=-4268.67,    8, 40.000000,  26,  36.000000
 106, 32.000000, 0.000000, 31.990000, min=30.00, smin=-4268.67,    8, 40.000000,  26,  32.000000
 107, 34.000000, 4268.666667, 32.025000, min=32.00, smin= 0.00,    8, 40.000000,  26,  34.000000
 108, 33.000000, 2134.333333, 32.005000, min=32.00, smin= 0.00,    8, 40.000000,  26,  33.000000
 109, 36.000000, 8537.333333, 32.045000, min=28.00, smin=-8537.33,    8, 40.000000,  26,  36.000000
 110, 44.000000, 25612.000000, 32.045000, min=28.00, smin=-8537.33,  110, 44.000000,  61,  44.000000
 111, 34.000000, 4268.666667, 31.995000, min=30.00, smin=-4268.67,  110, 44.000000,  61,  34.000000
 112, 33.000000, 2134.333333, 32.005000, min=32.00, smin= 0.00,  110, 44.000000,  61,  33.000000
 113, 34.000000, 4268.666667, 32.005000, min=31.00, smin=-2134.33,  110, 44.000000,  61,  34.000000
 114, 36.000000, 8537.333333, 32.030000, min=32.00, smin= 0.00,  110, 44.000000,  61,  36.000000
 115, 33.000000, 2134.333333, 32.000000, min=30.00, smin=-4268.67,  110, 44.000000,  61,  33.000000
 116, 34.000000, 4268.666667, 32.005000, min=30.00, smin=-4268.67,  110, 44.000000,  61,  34.000000
 117, 33.000000, 2134.333333, 31.995000, min=30.00, smin=-4268.67,  110, 44.000000,  61,  33.000000
 118, 40.000000, 17074.666667, 32.105000, min=32.00, smin= 0.00,  110, 44.000000,  61,  40.000000
 119, 34.000000, 4268.666667, 32.030000, min=32.00, smin= 0.00,  110, 44.000000,  61,  34.000000
 120, 33.000000, 2134.333333, 31.970000, min=28.00, smin=-8537.33,  110, 44.000000,  61,  33.000000
 121, 34.000000, 4268.666667, 32.010000, min=30.00, smin=-4268.67,  110, 44.000000,  61,  34.000000
 122, 33.000000, 2134.333333, 32.010000, min=32.00, smin= 0.00,  110, 44.000000,  61,  33.000000
 123, 33.000000, 2134.333333, 31.990000, min=30.00, smin=-4268.67,  110, 44.000000,  61,  33.000000
 124, 32.000000, 0.000000, 31.975000, min=28.00, smin=-8537.33,  110, 44.000000,  61,  32.000000
 125, 36.000000, 8537.333333, 32.020000, min=32.00, smin= 0.00,  110, 44.000000,  61,  36.000000
 126, 36.000000, 8537.333333, 31.985000, min=28.00, smin=-8537.33,  110, 44.000000,  61,  36.000000
 127, 33.000000, 2134.333333, 32.005000, min=32.00, smin= 0.00,  110, 44.000000,  61,  33.000000
 128, 33.000000, 2134.333333, 31.975000, min=28.00, smin=-8537.33,  110, 44.000000,  61,  33.000000
 129, 34.000000, 4268.666667, 31.990000, min=30.00, smin=-4268.67,  110, 44.000000,  61,  34.000000
 130, 37.000000, 10671.666667, 31.995000, min=28.00, smin=-8537.33,  110, 44.000000,  61,  37.000000
 131, 32.000000, 0.000000, 31.970000, min=28.00, smin=-8537.33,  110, 44.000000,  61,  32.000000
 132, 33.000000, 2134.333333, 31.995000, min=30.00, smin=-4268.67,  110, 44.000000,  61,  33.000000
 133, 32.000000, 0.000000, 31.985000, min=30.00, smin=-4268.67,  110, 44.000000,  61,  32.000000
 134, 33.000000, 2134.333333, 32.005000, min=31.00, smin=-2134.33,  110, 44.000000,  61,  33.000000
 135, 33.000000, 2134.333333, 32.005000, min=31.00, smin=-2134.33,  110, 44.000000,  61,  33.000000
 136, 36.000000, 8537.333333, 32.010000, min=30.00, smin=-4268.67,  110, 44.000000,  61,  36.000000
 137, 33.000000, 2134.333333, 32.000000, min=31.00, smin=-2134.33,  110, 44.000000,  61,  33.000000
 138, 36.000000, 8537.333333, 32.030000, min=31.00, smin=-2134.33,  110, 44.000000,  61,  36.000000
 139, 33.000000, 2134.333333, 32.010000, min=32.00, smin= 0.00,  110, 44.000000,  61,  33.000000
 140, 36.000000, 8537.333333, 32.040000, min=31.00, smin=-2134.33,  110, 44.000000,  61,  36.000000
 141, 32.000000, 0.000000, 31.990000, min=31.00, smin=-2134.33,  110, 44.000000,  61,  32.000000
 142, 36.000000, 8537.333333, 32.030000, min=32.00, smin= 0.00,  110, 44.000000,  61,  36.000000
 143, 36.000000, 8537.333333, 32.015000, min=30.00, smin=-4268.67,  110, 44.000000,  61,  36.000000
 144, 34.000000, 4268.666667, 32.000000, min=31.00, smin=-2134.33,  110, 44.000000,  61,  34.000000
 145, 34.000000, 4268.666667, 32.015000, min=32.00, smin= 0.00,  110, 44.000000,  61,  34.000000
 146, 34.000000, 4268.666667, 31.990000, min=28.00, smin=-8537.33,  110, 44.000000,  61,  34.000000
 147, 36.000000, 8537.333333, 32.010000, min=30.00, smin=-4268.67,  110, 44.000000,  61,  36.000000
 148, 36.000000, 8537.333333, 32.025000, min=30.00, smin=-4268.67,  110, 44.000000,  61,  36.000000
 149, 34.000000, 4268.666667, 31.985000, min=30.00, smin=-4268.67,  110, 44.000000,  61,  34.000000
 150, 32.000000, 0.000000, 31.970000, min=28.00, smin=-8537.33,  110, 44.000000,  61,  32.000000
 151, 34.000000, 4268.666667, 32.015000, min=31.00, smin=-2134.33,  110, 44.000000,  61,  34.000000
 152, 36.000000, 8537.333333, 31.990000, min=30.00, smin=-4268.67,  110, 44.000000,  61,  36.000000
 153, 34.000000, 4268.666667, 32.010000, min=31.00, smin=-2134.33,  110, 44.000000,  61,  34.000000
 154, 33.000000, 2134.333333, 31.995000, min=31.00, smin=-2134.33,  110, 44.000000,  61,  33.000000
 155, 34.000000, 4268.666667, 32.010000, min=32.00, smin= 0.00,  110, 44.000000,  61,  34.000000
 156, 33.000000, 2134.333333, 31.995000, min=31.00, smin=-2134.33,  110, 44.000000,  61,  33.000000
 157, 40.000000, 17074.666667, 32.035000, min=31.00, smin=-2134.33,  110, 44.000000,  61,  40.000000
 158, 36.000000, 8537.333333, 32.030000, min=31.00, smin=-2134.33,  110, 44.000000,  61,  36.000000
 159, 36.000000, 8537.333333, 32.020000, min=29.00, smin=-6403.00,  110, 44.000000,  61,  36.000000
 160, 32.000000, 0.000000, 31.985000, min=30.00, smin=-4268.67,  110, 44.000000,  61,  32.000000
 161, 34.000000, 4268.666667, 32.020000, min=32.00, smin= 0.00,  110, 44.000000,  61,  34.000000
 162, 36.000000, 8537.333333, 32.035000, min=31.00, smin=-2134.33,  110, 44.000000,  61,  36.000000
 163, 36.000000, 8537.333333, 32.040000, min=32.00, smin= 0.00,  110, 44.000000,  61,  36.000000
 164, 34.000000, 4268.666667, 32.010000, min=30.00, smin=-4268.67,  110, 44.000000,  61,  34.000000
 165, 34.000000, 4268.666667, 32.000000, min=30.00, smin=-4268.67,  110, 44.000000,  61,  34.000000
 166, 34.000000, 4268.666667, 32.000000, min=30.00, smin=-4268.67,  110, 44.000000,  61,  34.000000
 167, 32.000000, 0.000000, 31.990000, min=30.00, smin=-4268.67,  110, 44.000000,  61,  32.000000
 168, 34.000000, 4268.666667, 31.985000, min=30.00, smin=-4268.67,  110, 44.000000,  61,  34.000000
 169, 40.000000, 17074.666667, 32.035000, min=30.00, smin=-4268.67,  110, 44.000000,  61,  40.000000
 170, 34.000000, 4268.666667, 31.965000, min=28.00, smin=-8537.33,  110, 44.000000,  61,  34.000000
 171, 33.000000, 2134.333333, 31.985000, min=28.00, smin=-8537.33,  110, 44.000000,  61,  33.000000
 172, 40.000000, 17074.666667, 32.055000, min=32.00, smin= 0.00,  110, 44.000000,  61,  40.000000
 173, 34.000000, 4268.666667, 32.005000, min=30.00, smin=-4268.67,  110, 44.000000,  61,  34.000000
 174, 32.000000, 0.000000, 31.970000, min=28.00, smin=-8537.33,  110, 44.000000,  61,  32.000000
 175, 34.000000, 4268.666667, 32.005000, min=31.00, smin=-2134.33,  110, 44.000000,  61,  34.000000
 176, 32.000000, 0.000000, 31.945000, min=25.00, smin=-14940.33,  110, 44.000000,  61,  32.000000
 177, 40.000000, 17074.666667, 32.060000, min=31.00, smin=-2134.33,  110, 44.000000,  61,  40.000000
 178, 33.000000, 2134.333333, 32.010000, min=32.00, smin= 0.00,  110, 44.000000,  61,  33.000000
 179, 34.000000, 4268.666667, 32.000000, min=30.00, smin=-4268.67,  110, 44.000000,  61,  34.000000
 180, 34.000000, 4268.666667, 31.995000, min=31.00, smin=-2134.33,  110, 44.000000,  61,  34.000000
 181, 32.000000, 0.000000, 31.955000, min=24.00, smin=-17074.67,  110, 44.000000,  61,  32.000000
 182, 36.000000, 8537.333333, 32.015000, min=30.00, smin=-4268.67,  110, 44.000000,  61,  36.000000
 183, 34.000000, 4268.666667, 31.950000, min=24.00, smin=-17074.67,  110, 44.000000,  61,  34.000000
 184, 34.000000, 4268.666667, 32.015000, min=31.00, smin=-2134.33,  110, 44.000000,  61,  34.000000
 185, 33.000000, 2134.333333, 31.970000, min=24.00, smin=-17074.67,  110, 44.000000,  61,  33.000000
 186, 48.000000, 34149.333333, 32.100000, min=30.00, smin=-4268.67,  186, 48.000000,  10,  48.000000
 187, 33.000000, 2134.333333, 31.985000, min=28.00, smin=-8537.33,  186, 48.000000,  10,  33.000000
 188, 34.000000, 4268.666667, 31.995000, min=30.00, smin=-4268.67,  186, 48.000000,  10,  34.000000
 189, 32.000000, 0.000000, 31.990000, min=30.00, smin=-4268.67,  186, 48.000000,  10,  32.000000
 190, 33.000000, 2134.333333, 31.990000, min=31.00, smin=-2134.33,  186, 48.000000,  10,  33.000000
 191, 34.000000, 4268.666667, 32.000000, min=31.00, smin=-2134.33,  186, 48.000000,  10,  34.000000
 192, 33.000000, 2134.333333, 31.990000, min=30.00, smin=-4268.67,  186, 48.000000,  10,  33.000000
 193, 33.000000, 2134.333333, 31.960000, min=28.00, smin=-8537.33,  186, 48.000000,  10,  33.000000
 194, 32.000000, 0.000000, 31.975000, min=30.00, smin=-4268.67,  186, 48.000000,  10,  32.000000
 195, 34.000000, 4268.666667, 32.020000, min=31.00, smin=-2134.33,  186, 48.000000,  10,  34.000000
 196, 32.000000, 0.000000, 31.980000, min=30.00, smin=-4268.67,  186, 48.000000,  10,  32.000000
 197, 32.000000, 0.000000, 31.990000, min=30.00, smin=-4268.67,  186, 48.000000,  10,  32.000000
 198, 34.000000, 4268.666667, 32.000000, min=31.00, smin=-2134.33,  186, 48.000000,  10,  34.000000
 199, 34.000000, 4268.666667, 31.995000, min=30.00, smin=-4268.67,  186, 48.000000,  10,  34.000000
 200, 33.000000, 2134.333333, 32.000000, min=31.00, smin=-2134.33,  186, 48.000000,  10,  33.000000
 201, 32.000000, 0.000000, 31.980000, min=30.00, smin=-4268.67,  186, 48.000000,  10,  32.000000
 202, 32.000000, 0.000000, 31.975000, min=28.00, smin=-8537.33,  186, 48.000000,  10,  32.000000
 203, 36.000000, 8537.333333, 32.015000, min=30.00, smin=-4268.67,  186, 48.000000,  10,  36.000000
 204, 34.000000, 4268.666667, 32.000000, min=30.00, smin=-4268.67,  186, 48.000000,  10,  34.000000
 205, 36.000000, 8537.333333, 32.015000, min=31.00, smin=-2134.33,  186, 48.000000,  10,  36.000000
 206, 40.000000, 17074.666667, 32.050000, min=31.00, smin=-2134.33,  186, 48.000000,  10,  40.000000
 207, 34.000000, 4268.666667, 32.015000, min=31.00, smin=-2134.33,  186, 48.000000,  10,  34.000000
 208, 36.000000, 8537.333333, 32.020000, min=30.00, smin=-4268.67,  186, 48.000000,  10,  36.000000
 209, 33.000000, 2134.333333, 32.000000, min=31.00, smin=-2134.33,  186, 48.000000,  10,  33.000000
 210, 32.000000, 0.000000, 31.980000, min=30.00, smin=-4268.67,  186, 48.000000,  10,  32.000000
 211, 35.000000, 6403.000000, 31.985000, min=28.00, smin=-8537.33,  186, 48.000000,  10,  35.000000
 212, 36.000000, 8537.333333, 32.040000, min=32.00, smin= 0.00,  186, 48.000000,  10,  36.000000
 213, 34.000000, 4268.666667, 31.950000, min=28.00, smin=-8537.33,  186, 48.000000,  10,  34.000000
 214, 32.000000, 0.000000, 31.995000, min=31.00, smin=-2134.33,  186, 48.000000,  10,  32.000000
 215, 34.000000, 4268.666667, 32.000000, min=30.00, smin=-4268.67,  186, 48.000000,  10,  34.000000
 216, 32.000000, 0.000000, 31.980000, min=30.00, smin=-4268.67,  186, 48.000000,  10,  32.000000
 217, 34.000000, 4268.666667, 31.990000, min=30.00, smin=-4268.67,  186, 48.000000,  10,  34.000000
 218, 36.000000, 8537.333333, 32.015000, min=30.00, smin=-4268.67,  186, 48.000000,  10,  36.000000
 219, 33.000000, 2134.333333, 31.950000, min=24.00, smin=-17074.67,  186, 48.000000,  10,  33.000000
 220, 32.000000, 0.000000, 31.990000, min=30.00, smin=-4268.67,  186, 48.000000,  10,  32.000000
 221, 32.000000, 0.000000, 32.000000, min=32.00, smin= 0.00,  186, 48.000000,  10,  32.000000
 222, 32.000000, 0.000000, 32.000000, min=32.00, smin= 0.00,  186, 48.000000,  10,  32.000000
 223, 34.000000, 4268.666667, 32.005000, min=30.00, smin=-4268.67,  186, 48.000000,  10,  34.000000
 224, 33.000000, 2134.333333, 31.980000, min=28.00, smin=-8537.33,  186, 48.000000,  10,  33.000000
 225, 33.000000, 2134.333333, 31.980000, min=28.00, smin=-8537.33,  186, 48.000000,  10,  33.000000
 226, 32.000000, 0.000000, 31.990000, min=31.00, smin=-2134.33,  186, 48.000000,  10,  32.000000
 227, 33.000000, 2134.333333, 32.000000, min=30.00, smin=-4268.67,  186, 48.000000,  10,  33.000000
 228, 32.000000, 0.000000, 31.995000, min=31.00, smin=-2134.33,  186, 48.000000,  10,  32.000000
 229, 36.000000, 8537.333333, 32.045000, min=30.00, smin=-4268.67,  186, 48.000000,  10,  36.000000
 230, 36.000000, 8537.333333, 32.040000, min=32.00, smin= 0.00,  186, 48.000000,  10,  36.000000
 231, 34.000000, 4268.666667, 32.020000, min=30.00, smin=-4268.67,  186, 48.000000,  10,  34.000000
 232, 34.000000, 4268.666667, 32.025000, min=32.00, smin= 0.00,  186, 48.000000,  10,  34.000000
 233, 34.000000, 4268.666667, 32.010000, min=30.00, smin=-4268.67,  186, 48.000000,  10,  34.000000
 234, 34.000000, 4268.666667, 31.995000, min=31.00, smin=-2134.33,  186, 48.000000,  10,  34.000000
 235, 36.000000, 8537.333333, 32.005000, min=30.00, smin=-4268.67,  186, 48.000000,  10,  36.000000
 236, 33.000000, 2134.333333, 32.015000, min=32.00, smin= 0.00,  186, 48.000000,  10,  33.000000
 237, 34.000000, 4268.666667, 31.970000, min=28.00, smin=-8537.33,  186, 48.000000,  10,  34.000000
 238, 36.000000, 8537.333333, 31.995000, min=30.00, smin=-4268.67,  186, 48.000000,  10,  36.000000
 239, 33.000000, 2134.333333, 32.000000, min=30.00, smin=-4268.67,  186, 48.000000,  10,  33.000000
 240, 34.000000, 4268.666667, 31.990000, min=28.00, smin=-8537.33,  186, 48.000000,  10,  34.000000
 241, 33.000000, 2134.333333, 32.000000, min=30.00, smin=-4268.67,  186, 48.000000,  10,  33.000000
 242, 33.000000, 2134.333333, 32.005000, min=32.00, smin= 0.00,  186, 48.000000,  10,  33.000000
 243, 34.000000, 4268.666667, 32.025000, min=32.00, smin= 0.00,  186, 48.000000,  10,  34.000000
 244, 34.000000, 4268.666667, 32.015000, min=32.00, smin= 0.00,  186, 48.000000,  10,  34.000000
 245, 34.000000, 4268.666667, 31.995000, min=30.00, smin=-4268.67,  186, 48.000000,  10,  34.000000
 246, 34.000000, 4268.666667, 31.990000, min=30.00, smin=-4268.67,  186, 48.000000,  10,  34.000000
 247, 32.000000, 0.000000, 32.000000, min=32.00, smin= 0.00,  186, 48.000000,  10,  32.000000
 248, 34.000000, 4268.666667, 31.995000, min=28.00, smin=-8537.33,  186, 48.000000,  10,  34.000000
 249, 34.000000, 4268.666667, 32.000000, min=30.00, smin=-4268.67,  186, 48.000000,  10,  34.000000
 250, 36.000000, 8537.333333, 32.010000, min=30.00, smin=-4268.67,  186, 48.000000,  10,  36.000000
 251, 32.000000, 0.000000, 31.985000, min=30.00, smin=-4268.67,  186, 48.000000,  10,  32.000000
 252, 36.000000, 8537.333333, 32.030000, min=31.00, smin=-2134.33,  186, 48.000000,  10,  36.000000
 253, 34.000000, 4268.666667, 32.005000, min=30.00, smin=-4268.67,  186, 48.000000,  10,  34.000000
 254, 34.000000, 4268.666667, 32.030000, min=32.00, smin= 0.00,  186, 48.000000,  10,  34.000000
 255, 36.000000, 8537.333333, 32.010000, min=30.00, smin=-4268.67,  186, 48.000000,  10,  36.000000
 256, 35.000000, 6403.000000, 32.030000, min=32.00, smin= 0.00,  186, 48.000000,  10,  35.000000
 257, 33.000000, 2134.333333, 31.995000, min=30.00, smin=-4268.67,  186, 48.000000,  10,  33.000000
 258, 36.000000, 8537.333333, 32.000000, min=30.00, smin=-4268.67,  186, 48.000000,  10,  36.000000
 259, 34.000000, 4268.666667, 31.970000, min=24.00, smin=-17074.67,  186, 48.000000,  10,  34.000000
 260, 34.000000, 4268.666667, 32.020000, min=32.00, smin= 0.00,  186, 48.000000,  10,  34.000000
 261, 39.000000, 14940.333333, 32.040000, min=31.00, smin=-2134.33,  186, 48.000000,  10,  39.000000
 262, 32.000000, 0.000000, 31.990000, min=30.00, smin=-4268.67,  186, 48.000000,  10,  32.000000
 263, 34.000000, 4268.666667, 32.010000, min=32.00, smin= 0.00,  186, 48.000000,  10,  34.000000
 264, 37.000000, 10671.666667, 32.015000, min=30.00, smin=-4268.67,  186, 48.000000,  10,  37.000000
 265, 33.000000, 2134.333333, 32.005000, min=32.00, smin= 0.00,  186, 48.000000,  10,  33.000000
 266, 33.000000, 2134.333333, 32.005000, min=32.00, smin= 0.00,  186, 48.000000,  10,  33.000000
 267, 33.000000, 2134.333333, 31.995000, min=30.00, smin=-4268.67,  186, 48.000000,  10,  33.000000
 268, 32.000000, 0.000000, 31.995000, min=31.00, smin=-2134.33,  186, 48.000000,  10,  32.000000
 269, 32.000000, 0.000000, 32.000000, min=32.00, smin= 0.00,  186, 48.000000,  10,  32.000000
 270, 32.000000, 0.000000, 31.980000, min=30.00, smin=-4268.67,  186, 48.000000,  10,  32.000000
 271, 34.000000, 4268.666667, 32.010000, min=32.00, smin= 0.00,  186, 48.000000,  10,  34.000000
 272, 34.000000, 4268.666667, 32.015000, min=32.00, smin= 0.00,  186, 48.000000,  10,  34.000000
 273, 34.000000, 4268.666667, 32.010000, min=30.00, smin=-4268.67,  186, 48.000000,  10,  34.000000
 274, 33.000000, 2134.333333, 31.955000, min=24.00, smin=-17074.67,  186, 48.000000,  10,  33.000000
 275, 33.000000, 2134.333333, 31.965000, min=26.00, smin=-12806.00,  186, 48.000000,  10,  33.000000
 276, 33.000000, 2134.333333, 32.000000, min=31.00, smin=-2134.33,  186, 48.000000,  10,  33.000000
 277, 34.000000, 4268.666667, 32.000000, min=30.00, smin=-4268.67,  186, 48.000000,  10,  34.000000
 278, 34.000000, 4268.666667, 31.995000, min=28.00, smin=-8537.33,  186, 48.000000,  10,  34.000000
 279, 34.000000, 4268.666667, 32.010000, min=32.00, smin= 0.00,  186, 48.000000,  10,  34.000000
 280, 34.000000, 4268.666667, 32.010000, min=30.00, smin=-4268.67,  186, 48.000000,  10,  34.000000
 281, 34.000000, 4268.666667, 31.990000, min=28.00, smin=-8537.33,  186, 48.000000,  10,  34.000000
 282, 33.000000, 2134.333333, 32.005000, min=32.00, smin= 0.00,  186, 48.000000,  10,  33.000000
 283, 33.000000, 2134.333333, 32.015000, min=32.00, smin= 0.00,  186, 48.000000,  10,  33.000000
 284, 36.000000, 8537.333333, 32.005000, min=30.00, smin=-4268.67,  186, 48.000000,  10,  36.000000
 285, 32.000000, 0.000000, 31.980000, min=28.00, smin=-8537.33,  186, 48.000000,  10,  32.000000
 286, 34.000000, 4268.666667, 32.005000, min=30.00, smin=-4268.67,  186, 48.000000,  10,  34.000000
 287, 32.000000, 0.000000, 31.990000, min=31.00, smin=-2134.33,  186, 48.000000,  10,  32.000000
 288, 35.000000, 6403.000000, 32.010000, min=30.00, smin=-4268.67,  186, 48.000000,  10,  35.000000
 289, 33.000000, 2134.333333, 32.005000, min=30.00, smin=-4268.67,  186, 48.000000,  10,  33.000000
 290, 33.000000, 2134.333333, 32.000000, min=31.00, smin=-2134.33,  186, 48.000000,  10,  33.000000
 291, 32.000000, 0.000000, 31.955000, min=24.00, smin=-17074.67,  186, 48.000000,  10,  32.000000
 292, 32.000000, 0.000000, 31.995000, min=31.00, smin=-2134.33,  186, 48.000000,  10,  32.000000
 293, 34.000000, 4268.666667, 31.995000, min=28.00, smin=-8537.33,  186, 48.000000,  10,  34.000000
 294, 36.000000, 8537.333333, 32.010000, min=31.00, smin=-2134.33,  186, 48.000000,  10,  36.000000
 295, 34.000000, 4268.666667, 31.985000, min=30.00, smin=-4268.67,  186, 48.000000,  10,  34.000000
 296, 34.000000, 4268.666667, 32.005000, min=31.00, smin=-2134.33,  186, 48.000000,  10,  34.000000
 297, 36.000000, 8537.333333, 31.990000, min=28.00, smin=-8537.33,  186, 48.000000,  10,  36.000000
 298, 33.000000, 2134.333333, 32.000000, min=31.00, smin=-2134.33,  186, 48.000000,  10,  33.000000
 299, 32.000000, 0.000000, 31.975000, min=28.00, smin=-8537.33,  186, 48.000000,  10,  32.000000
 300, 33.000000, 2134.333333, 31.990000, min=31.00, smin=-2134.33,  186, 48.000000,  10,  33.000000
 301, 33.000000, 2134.333333, 31.980000, min=28.00, smin=-8537.33,  186, 48.000000,  10,  33.000000
 302, 33.000000, 2134.333333, 31.940000, min=24.00, smin=-17074.67,  186, 48.000000,  10,  33.000000
 303, 34.000000, 4268.666667, 31.970000, min=28.00, smin=-8537.33,  186, 48.000000,  10,  34.000000
 304, 36.000000, 8537.333333, 32.005000, min=30.00, smin=-4268.67,  186, 48.000000,  10,  36.000000
 305, 33.000000, 2134.333333, 31.995000, min=31.00, smin=-2134.33,  186, 48.000000,  10,  33.000000
 306, 34.000000, 4268.666667, 32.035000, min=32.00, smin= 0.00,  186, 48.000000,  10,  34.000000
 307, 36.000000, 8537.333333, 31.980000, min=30.00, smin=-4268.67,  186, 48.000000,  10,  36.000000
 308, 34.000000, 4268.666667, 32.015000, min=32.00, smin= 0.00,  186, 48.000000,  10,  34.000000
 309, 36.000000, 8537.333333, 32.015000, min=31.00, smin=-2134.33,  186, 48.000000,  10,  36.000000
 310, 32.000000, 0.000000, 31.960000, min=28.00, smin=-8537.33,  186, 48.000000,  10,  32.000000
 311, 32.000000, 0.000000, 31.990000, min=31.00, smin=-2134.33,  186, 48.000000,  10,  32.000000
 312, 34.000000, 4268.666667, 31.985000, min=30.00, smin=-4268.67,  186, 48.000000,  10,  34.000000
 313, 34.000000, 4268.666667, 31.985000, min=30.00, smin=-4268.67,  186, 48.000000,  10,  34.000000
 314, 33.000000, 2134.333333, 31.965000, min=26.00, smin=-12806.00,  186, 48.000000,  10,  33.000000
 315, 32.000000, 0.000000, 31.975000, min=30.00, smin=-4268.67,  186, 48.000000,  10,  32.000000
 316, 33.000000, 2134.333333, 31.985000, min=28.00, smin=-8537.33,  186, 48.000000,  10,  33.000000
 317, 33.000000, 2134.333333, 31.990000, min=30.00, smin=-4268.67,  186, 48.000000,  10,  33.000000
 318, 32.000000, 0.000000, 31.975000, min=29.00, smin=-6403.00,  186, 48.000000,  10,  32.000000
 319, 32.000000, 0.000000, 31.980000, min=28.00, smin=-8537.33,  186, 48.000000,  10,  32.000000
 320, 34.000000, 4268.666667, 32.020000, min=32.00, smin= 0.00,  186, 48.000000,  10,  34.000000
 321, 34.000000, 4268.666667, 32.000000, min=30.00, smin=-4268.67,  186, 48.000000,  10,  34.000000
 322, 32.000000, 0.000000, 31.955000, min=28.00, smin=-8537.33,  186, 48.000000,  10,  32.000000
 323, 33.000000, 2134.333333, 31.995000, min=30.00, smin=-4268.67,  186, 48.000000,  10,  33.000000
 324, 34.000000, 4268.666667, 31.965000, min=24.00, smin=-17074.67,  186, 48.000000,  10,  34.000000
 325, 33.000000, 2134.333333, 32.005000, min=32.00, smin= 0.00,  186, 48.000000,  10,  33.000000
 326, 34.000000, 4268.666667, 32.040000, min=32.00, smin= 0.00,  186, 48.000000,  10,  34.000000
 327, 34.000000, 4268.666667, 32.005000, min=31.00, smin=-2134.33,  186, 48.000000,  10,  34.000000
 328, 34.000000, 4268.666667, 32.000000, min=30.00, smin=-4268.67,  186, 48.000000,  10,  34.000000
 329, 40.000000, 17074.666667, 32.050000, min=31.00, smin=-2134.33,  186, 48.000000,  10,  40.000000
 330, 40.000000, 17074.666667, 32.045000, min=32.00, smin= 0.00,  186, 48.000000,  10,  40.000000
 331, 36.000000, 8537.333333, 32.020000, min=30.00, smin=-4268.67,  186, 48.000000,  10,  36.000000
 332, 34.000000, 4268.666667, 32.010000, min=31.00, smin=-2134.33,  186, 48.000000,  10,  34.000000
 333, 33.000000, 2134.333333, 31.995000, min=30.00, smin=-4268.67,  186, 48.000000,  10,  33.000000
 334, 33.000000, 2134.333333, 31.995000, min=30.00, smin=-4268.67,  186, 48.000000,  10,  33.000000
 335, 34.000000, 4268.666667, 32.015000, min=30.00, smin=-4268.67,  186, 48.000000,  10,  34.000000
 336, 32.000000, 0.000000, 31.970000, min=29.00, smin=-6403.00,  186, 48.000000,  10,  32.000000
 337, 32.000000, 0.000000, 31.995000, min=31.00, smin=-2134.33,  186, 48.000000,  10,  32.000000
 338, 34.000000, 4268.666667, 32.005000, min=31.00, smin=-2134.33,  186, 48.000000,  10,  34.000000
 339, 33.000000, 2134.333333, 31.980000, min=28.00, smin=-8537.33,  186, 48.000000,  10,  33.000000
 340, 34.000000, 4268.666667, 32.020000, min=30.00, smin=-4268.67,  186, 48.000000,  10,  34.000000
 341, 34.000000, 4268.666667, 32.000000, min=31.00, smin=-2134.33,  186, 48.000000,  10,  34.000000
 342, 34.000000, 4268.666667, 32.010000, min=30.00, smin=-4268.67,  186, 48.000000,  10,  34.000000
 343, 32.000000, 0.000000, 32.000000, min=32.00, smin= 0.00,  186, 48.000000,  10,  32.000000
 344, 33.000000, 2134.333333, 31.975000, min=30.00, smin=-4268.67,  186, 48.000000,  10,  33.000000
 345, 34.000000, 4268.666667, 31.980000, min=28.00, smin=-8537.33,  186, 48.000000,  10,  34.000000
 346, 32.000000, 0.000000, 32.000000, min=32.00, smin= 0.00,  186, 48.000000,  10,  32.000000
 347, 36.000000, 8537.333333, 32.020000, min=30.00, smin=-4268.67,  186, 48.000000,  10,  36.000000
 348, 33.000000, 2134.333333, 31.985000, min=28.00, smin=-8537.33,  186, 48.000000,  10,  33.000000
 349, 34.000000, 4268.666667, 32.020000, min=31.00, smin=-2134.33,  186, 48.000000,  10,  34.000000
 350, 32.000000, 0.000000, 31.965000, min=28.00, smin=-8537.33,  186, 48.000000,  10,  32.000000
 351, 34.000000, 4268.666667, 31.985000, min=28.00, smin=-8537.33,  186, 48.000000,  10,  34.000000
 352, 36.000000, 8537.333333, 32.020000, min=31.00, smin=-2134.33,  186, 48.000000,  10,  36.000000
 353, 36.000000, 8537.333333, 32.010000, min=30.00, smin=-4268.67,  186, 48.000000,  10,  36.000000
 354, 34.000000, 4268.666667, 31.975000, min=28.00, smin=-8537.33,  186, 48.000000,  10,  34.000000
 355, 34.000000, 4268.666667, 32.010000, min=32.00, smin= 0.00,  186, 48.000000,  10,  34.000000
 356, 34.000000, 4268.666667, 32.000000, min=30.00, smin=-4268.67,  186, 48.000000,  10,  34.000000
 357, 33.000000, 2134.333333, 31.985000, min=28.00, smin=-8537.33,  186, 48.000000,  10,  33.000000
 358, 34.000000, 4268.666667, 31.970000, min=24.00, smin=-17074.67,  186, 48.000000,  10,  34.000000
 359, 33.000000, 2134.333333, 32.010000, min=32.00, smin= 0.00,  186, 48.000000,  10,  33.000000
 360, 36.000000, 8537.333333, 32.010000, min=30.00, smin=-4268.67,  186, 48.000000,  10,  36.000000
 361, 36.000000, 8537.333333, 32.015000, min=29.00, smin=-6403.00,  186, 48.000000,  10,  36.000000
 362, 33.000000, 2134.333333, 32.000000, min=31.00, smin=-2134.33,  186, 48.000000,  10,  33.000000
 363, 33.000000, 2134.333333, 32.005000, min=31.00, smin=-2134.33,  186, 48.000000,  10,  33.000000
 364, 36.000000, 8537.333333, 32.005000, min=30.00, smin=-4268.67,  186, 48.000000,  10,  36.000000
 365, 32.000000, 0.000000, 31.995000, min=31.00, smin=-2134.33,  186, 48.000000,  10,  32.000000
 366, 34.000000, 4268.666667, 32.015000, min=32.00, smin= 0.00,  186, 48.000000,  10,  34.000000
 367, 32.000000, 0.000000, 31.995000, min=31.00, smin=-2134.33,  186, 48.000000,  10,  32.000000
 368, 33.000000, 2134.333333, 31.960000, min=24.00, smin=-17074.67,  186, 48.000000,  10,  33.000000
 369, 32.000000, 0.000000, 32.000000, min=32.00, smin= 0.00,  186, 48.000000,  10,  32.000000
 370, 36.000000, 8537.333333, 32.020000, min=30.00, smin=-4268.67,  186, 48.000000,  10,  36.000000
 371, 36.000000, 8537.333333, 32.045000, min=30.00, smin=-4268.67,  186, 48.000000,  10,  36.000000
 372, 33.000000, 2134.333333, 31.975000, min=30.00, smin=-4268.67,  186, 48.000000,  10,  33.000000
 373, 33.000000, 2134.333333, 31.980000, min=30.00, smin=-4268.67,  186, 48.000000,  10,  33.000000
 374, 32.000000, 0.000000, 31.980000, min=28.00, smin=-8537.33,  186, 48.000000,  10,  32.000000
 375, 34.000000, 4268.666667, 32.020000, min=31.00, smin=-2134.33,  186, 48.000000,  10,  34.000000
 376, 36.000000, 8537.333333, 32.005000, min=30.00, smin=-4268.67,  186, 48.000000,  10,  36.000000
 377, 36.000000, 8537.333333, 32.030000, min=31.00, smin=-2134.33,  186, 48.000000,  10,  36.000000
 378, 34.000000, 4268.666667, 32.010000, min=30.00, smin=-4268.67,  186, 48.000000,  10,  34.000000
 379, 35.000000, 6403.000000, 32.010000, min=31.00, smin=-2134.33,  186, 48.000000,  10,  35.000000
 380, 32.000000, 0.000000, 31.995000, min=31.00, smin=-2134.33,  186, 48.000000,  10,  32.000000
 381, 34.000000, 4268.666667, 32.010000, min=30.00, smin=-4268.67,  186, 48.000000,  10,  34.000000
 382, 34.000000, 4268.666667, 31.975000, min=24.00, smin=-17074.67,  186, 48.000000,  10,  34.000000
 383, 34.000000, 4268.666667, 31.985000, min=30.00, smin=-4268.67,  186, 48.000000,  10,  34.000000
 384, 32.000000, 0.000000, 31.985000, min=30.00, smin=-4268.67,  186, 48.000000,  10,  32.000000
 385, 32.000000, 0.000000, 31.990000, min=30.00, smin=-4268.67,  186, 48.000000,  10,  32.000000
 386, 34.000000, 4268.666667, 31.975000, min=24.00, smin=-17074.67,  186, 48.000000,  10,  34.000000
 387, 40.000000, 17074.666667, 32.020000, min=28.00, smin=-8537.33,  186, 48.000000,  10,  40.000000
 388, 34.000000, 4268.666667, 31.990000, min=30.00, smin=-4268.67,  186, 48.000000,  10,  34.000000
 389, 32.000000, 0.000000, 31.980000, min=31.00, smin=-2134.33,  186, 48.000000,  10,  32.000000
 390, 34.000000, 4268.666667, 32.015000, min=31.00, smin=-2134.33,  186, 48.000000,  10,  34.000000
 391, 32.000000, 0.000000, 31.970000, min=30.00, smin=-4268.67,  186, 48.000000,  10,  32.000000
 392, 36.000000, 8537.333333, 32.030000, min=32.00, smin= 0.00,  186, 48.000000,  10,  36.000000
 393, 40.000000, 17074.666667, 32.070000, min=31.00, smin=-2134.33,  186, 48.000000,  10,  40.000000
 394, 34.000000, 4268.666667, 32.000000, min=30.00, smin=-4268.67,  186, 48.000000,  10,  34.000000
 395, 32.000000, 0.000000, 31.980000, min=30.00, smin=-4268.67,  186, 48.000000,  10,  32.000000
 396, 32.000000, 0.000000, 31.990000, min=30.00, smin=-4268.67,  186, 48.000000,  10,  32.000000
 397, 35.000000, 6403.000000, 32.015000, min=30.00, smin=-4268.67,  186, 48.000000,  10,  35.000000
 398, 34.000000, 4268.666667, 31.995000, min=28.00, smin=-8537.33,  186, 48.000000,  10,  34.000000
 399, 33.000000, 2134.333333, 31.995000, min=31.00, smin=-2134.33,  186, 48.000000,  10,  33.000000
 400, 33.000000, 2134.333333, 32.005000, min=32.00, smin= 0.00,  186, 48.000000,  10,  33.000000
 401, 34.000000, 4268.666667, 32.005000, min=30.00, smin=-4268.67,  186, 48.000000,  10,  34.000000
 402, 34.000000, 4268.666667, 32.010000, min=28.00, smin=-8537.33,  186, 48.000000,  10,  34.000000
 403, 36.000000, 8537.333333, 32.015000, min=31.00, smin=-2134.33,  186, 48.000000,  10,  36.000000
 404, 34.000000, 4268.666667, 32.025000, min=31.00, smin=-2134.33,  186, 48.000000,  10,  34.000000
 405, 34.000000, 4268.666667, 32.010000, min=32.00, smin= 0.00,  186, 48.000000,  10,  34.000000
 406, 36.000000, 8537.333333, 31.990000, min=26.00, smin=-12806.00,  186, 48.000000,  10,  36.000000
 407, 32.000000, 0.000000, 31.950000, min=24.00, smin=-17074.67,  186, 48.000000,  10,  32.000000
 408, 36.000000, 8537.333333, 32.010000, min=30.00, smin=-4268.67,  186, 48.000000,  10,  36.000000
 409, 34.000000, 4268.666667, 32.015000, min=31.00, smin=-2134.33,  186, 48.000000,  10,  34.000000
 410, 34.000000, 4268.666667, 32.010000, min=32.00, smin= 0.00,  186, 48.000000,  10,  34.000000
 411, 36.000000, 8537.333333, 32.020000, min=30.00, smin=-4268.67,  186, 48.000000,  10,  36.000000
 412, 34.000000, 4268.666667, 31.980000, min=28.00, smin=-8537.33,  186, 48.000000,  10,  34.000000
 413, 32.000000, 0.000000, 31.995000, min=31.00, smin=-2134.33,  186, 48.000000,  10,  32.000000
 414, 34.000000, 4268.666667, 32.010000, min=31.00, smin=-2134.33,  186, 48.000000,  10,  34.000000
 415, 34.000000, 4268.666667, 32.015000, min=32.00, smin= 0.00,  186, 48.000000,  10,  34.000000
 416, 34.000000, 4268.666667, 32.005000, min=30.00, smin=-4268.67,  186, 48.000000,  10,  34.000000
 417, 36.000000, 8537.333333, 32.025000, min=28.00, smin=-8537.33,  186, 48.000000,  10,  36.000000
 418, 36.000000, 8537.333333, 32.025000, min=31.00, smin=-2134.33,  186, 48.000000,  10,  36.000000
 419, 36.000000, 8537.333333, 32.035000, min=30.00, smin=-4268.67,  186, 48.000000,  10,  36.000000
 420, 33.000000, 2134.333333, 31.990000, min=30.00, smin=-4268.67,  186, 48.000000,  10,  33.000000
 421, 32.000000, 0.000000, 31.950000, min=24.00, smin=-17074.67,  186, 48.000000,  10,  32.000000
 422, 34.000000, 4268.666667, 31.995000, min=28.00, smin=-8537.33,  186, 48.000000,  10,  34.000000
 423, 33.000000, 2134.333333, 31.950000, min=24.00, smin=-17074.67,  186, 48.000000,  10,  33.000000
 424, 34.000000, 4268.666667, 32.025000, min=32.00, smin= 0.00,  186, 48.000000,  10,  34.000000
 425, 32.000000, 0.000000, 31.990000, min=30.00, smin=-4268.67,  186, 48.000000,  10,  32.000000
 426, 36.000000, 8537.333333, 32.030000, min=32.00, smin= 0.00,  186, 48.000000,  10,  36.000000
 427, 32.000000, 0.000000, 31.975000, min=30.00, smin=-4268.67,  186, 48.000000,  10,  32.000000
 428, 34.000000, 4268.666667, 32.005000, min=30.00, smin=-4268.67,  186, 48.000000,  10,  34.000000
 429, 32.000000, 0.000000, 31.970000, min=30.00, smin=-4268.67,  186, 48.000000,  10,  32.000000
 430, 32.000000, 0.000000, 31.970000, min=30.00, smin=-4268.67,  186, 48.000000,  10,  32.000000
 431, 32.000000, 0.000000, 32.000000, min=32.00, smin= 0.00,  186, 48.000000,  10,  32.000000
 432, 32.000000, 0.000000, 31.980000, min=30.00, smin=-4268.67,  186, 48.000000,  10,  32.000000
 433, 33.000000, 2134.333333, 32.000000, min=31.00, smin=-2134.33,  186, 48.000000,  10,  33.000000
 434, 34.000000, 4268.666667, 32.015000, min=31.00, smin=-2134.33,  186, 48.000000,  10,  34.000000
 435, 34.000000, 4268.666667, 32.000000, min=30.00, smin=-4268.67,  186, 48.000000,  10,  34.000000
 436, 36.000000, 8537.333333, 32.015000, min=29.00, smin=-6403.00,  186, 48.000000,  10,  36.000000
 437, 34.000000, 4268.666667, 32.015000, min=32.00, smin= 0.00,  186, 48.000000,  10,  34.000000
 438, 34.000000, 4268.666667, 31.995000, min=30.00, smin=-4268.67,  186, 48.000000,  10,  34.000000
 439, 34.000000, 4268.666667, 32.020000, min=32.00, smin= 0.00,  186, 48.000000,  10,  34.000000
 440, 33.000000, 2134.333333, 31.990000, min=30.00, smin=-4268.67,  186, 48.000000,  10,  33.000000
 441, 36.000000, 8537.333333, 31.995000, min=28.00, smin=-8537.33,  186, 48.000000,  10,  36.000000
 442, 33.000000, 2134.333333, 31.990000, min=30.00, smin=-4268.67,  186, 48.000000,  10,  33.000000
 443, 34.000000, 4268.666667, 31.995000, min=30.00, smin=-4268.67,  186, 48.000000,  10,  34.000000
 444, 33.000000, 2134.333333, 31.995000, min=31.00, smin=-2134.33,  186, 48.000000,  10,  33.000000
 445, 34.000000, 4268.666667, 32.005000, min=31.00, smin=-2134.33,  186, 48.000000,  10,  34.000000
 446, 32.000000, 0.000000, 32.000000, min=32.00, smin= 0.00,  186, 48.000000,  10,  32.000000
 447, 33.000000, 2134.333333, 31.990000, min=30.00, smin=-4268.67,  186, 48.000000,  10,  33.000000
 448, 33.000000, 2134.333333, 31.995000, min=30.00, smin=-4268.67,  186, 48.000000,  10,  33.000000
 449, 34.000000, 4268.666667, 31.985000, min=28.00, smin=-8537.33,  186, 48.000000,  10,  34.000000
 450, 35.000000, 6403.000000, 31.980000, min=28.00, smin=-8537.33,  186, 48.000000,  10,  35.000000
 451, 34.000000, 4268.666667, 32.010000, min=30.00, smin=-4268.67,  186, 48.000000,  10,  34.000000
 452, 36.000000, 8537.333333, 32.015000, min=30.00, smin=-4268.67,  186, 48.000000,  10,  36.000000
 453, 32.000000, 0.000000, 31.995000, min=31.00, smin=-2134.33,  186, 48.000000,  10,  32.000000
 454, 34.000000, 4268.666667, 32.000000, min=30.00, smin=-4268.67,  186, 48.000000,  10,  34.000000
 455, 44.000000, 25612.000000, 32.085000, min=30.00, smin=-4268.67,  186, 48.000000,  10,  44.000000
 456, 33.000000, 2134.333333, 31.995000, min=28.00, smin=-8537.33,  186, 48.000000,  10,  33.000000
 457, 36.000000, 8537.333333, 32.025000, min=30.00, smin=-4268.67,  186, 48.000000,  10,  36.000000
 458, 36.000000, 8537.333333, 32.030000, min=32.00, smin= 0.00,  186, 48.000000,  10,  36.000000
 459, 33.000000, 2134.333333, 31.980000, min=28.00, smin=-8537.33,  186, 48.000000,  10,  33.000000
 460, 32.000000, 0.000000, 31.990000, min=31.00, smin=-2134.33,  186, 48.000000,  10,  32.000000
 461, 33.000000, 2134.333333, 32.005000, min=32.00, smin= 0.00,  186, 48.000000,  10,  33.000000
 462, 32.000000, 0.000000, 31.955000, min=28.00, smin=-8537.33,  186, 48.000000,  10,  32.000000
 463, 33.000000, 2134.333333, 31.995000, min=31.00, smin=-2134.33,  186, 48.000000,  10,  33.000000
 464, 36.000000, 8537.333333, 31.970000, min=28.00, smin=-8537.33,  186, 48.000000,  10,  36.000000
 465, 36.000000, 8537.333333, 31.985000, min=28.00, smin=-8537.33,  186, 48.000000,  10,  36.000000
 466, 34.000000, 4268.666667, 32.015000, min=32.00, smin= 0.00,  186, 48.000000,  10,  34.000000
 467, 32.000000, 0.000000, 32.000000, min=32.00, smin= 0.00,  186, 48.000000,  10,  32.000000
 468, 32.000000, 0.000000, 31.970000, min=28.00, smin=-8537.33,  186, 48.000000,  10,  32.000000
 469, 32.000000, 0.000000, 31.945000, min=24.00, smin=-17074.67,  186, 48.000000,  10,  32.000000
 470, 34.000000, 4268.666667, 31.995000, min=30.00, smin=-4268.67,  186, 48.000000,  10,  34.000000
 471, 34.000000, 4268.666667, 31.990000, min=28.00, smin=-8537.33,  186, 48.000000,  10,  34.000000
 472, 35.000000, 6403.000000, 31.985000, min=28.00, smin=-8537.33,  186, 48.000000,  10,  35.000000
 473, 34.000000, 4268.666667, 32.040000, min=32.00, smin= 0.00,  186, 48.000000,  10,  34.000000
 474, 33.000000, 2134.333333, 31.990000, min=30.00, smin=-4268.67,  186, 48.000000,  10,  33.000000
 475, 32.000000, 0.000000, 31.990000, min=30.00, smin=-4268.67,  186, 48.000000,  10,  32.000000
 476, 34.000000, 4268.666667, 32.000000, min=28.00, smin=-8537.33,  186, 48.000000,  10,  34.000000
 477, 34.000000, 4268.666667, 32.010000, min=28.00, smin=-8537.33,  186, 48.000000,  10,  34.000000
 478, 34.000000, 4268.666667, 32.030000, min=32.00, smin= 0.00,  186, 48.000000,  10,  34.000000
 479, 33.000000, 2134.333333, 31.995000, min=30.00, smin=-4268.67,  186, 48.000000,  10,  33.000000
 480, 34.000000, 4268.666667, 31.955000, min=24.00, smin=-17074.67,  186, 48.000000,  10,  34.000000
 481, 35.000000, 6403.000000, 31.995000, min=28.00, smin=-8537.33,  186, 48.000000,  10,  35.000000
 482, 33.000000, 2134.333333, 31.985000, min=31.00, smin=-2134.33,  186, 48.000000,  10,  33.000000
 483, 36.000000, 8537.333333, 31.995000, min=28.00, smin=-8537.33,  186, 48.000000,  10,  36.000000
 484, 32.000000, 0.000000, 31.995000, min=31.00, smin=-2134.33,  186, 48.000000,  10,  32.000000
 485, 33.000000, 2134.333333, 32.000000, min=31.00, smin=-2134.33,  186, 48.000000,  10,  33.000000
 486, 32.000000, 0.000000, 31.970000, min=30.00, smin=-4268.67,  186, 48.000000,  10,  32.000000
 487, 33.000000, 2134.333333, 31.985000, min=29.00, smin=-6403.00,  186, 48.000000,  10,  33.000000
 488, 36.000000, 8537.333333, 32.025000, min=30.00, smin=-4268.67,  186, 48.000000,  10,  36.000000
 489, 32.000000, 0.000000, 31.975000, min=30.00, smin=-4268.67,  186, 48.000000,  10,  32.000000
 490, 32.000000, 0.000000, 31.990000, min=30.00, smin=-4268.67,  186, 48.000000,  10,  32.000000
 491, 32.000000, 0.000000, 32.000000, min=32.00, smin= 0.00,  186, 48.000000,  10,  32.000000
 492, 33.000000, 2134.333333, 32.000000, min=31.00, smin=-2134.33,  186, 48.000000,  10,  33.000000
 493, 40.000000, 17074.666667, 32.035000, min=31.00, smin=-2134.33,  186, 48.000000,  10,  40.000000
 494, 33.000000, 2134.333333, 31.955000, min=24.00, smin=-17074.67,  186, 48.000000,  10,  33.000000
 495, 34.000000, 4268.666667, 31.990000, min=30.00, smin=-4268.67,  186, 48.000000,  10,  34.000000
 496, 34.000000, 4268.666667, 32.015000, min=32.00, smin= 0.00,  186, 48.000000,  10,  34.000000
 497, 34.000000, 4268.666667, 32.000000, min=30.00, smin=-4268.67,  186, 48.000000,  10,  34.000000
 498, 33.000000, 2134.333333, 31.990000, min=30.00, smin=-4268.67,  186, 48.000000,  10,  33.000000
 499, 34.000000, 4268.666667, 32.020000, min=31.00, smin=-2134.33,  186, 48.000000,  10,  34.000000
 500, 32.000000, 0.000000, 31.980000, min=30.00, smin=-4268.67,  186, 48.000000,  10,  32.000000
   0, 32.000000, 32.000000, 32.000000, min=32.00, smin=32.00,    0, 32.000000,   0,  32.000000
   1, 32.000000, 32.000000, 32.000000, min=32.00, smin=32.00,    0, 32.000000,   0,  32.000000
   2, 32.000000, 32.000000, 32.000000, min=32.00, smin=32.00,    0, 32.000000,   0,  32.000000
   3, 32.000000, 32.000000, 32.000000, min=32.00, smin=32.00,    0, 32.000000,   0,  32.000000
   4, 32.000000, 32.000000, 32.000000, min=32.00, smin=32.00,    0, 32.000000,   0,  32.000000
   5, 32.000000, 32.000000, 32.000000, min=32.00, smin=32.00,    0, 32.000000,   0,  32.000000
   6, 33.000000, 33.000000, 32.100000, min=32.00, smin=32.00,    6, 33.000000,   2,  33.000000
   7, 32.000000, 32.000000, 32.000000, min=32.00, smin=32.00,    6, 33.000000,   2,  32.000000
   8, 32.000000, 32.000000, 32.000000, min=32.00, smin=32.00,    6, 33.000000,   2,  32.000000
   9, 32.000000, 32.000000, 32.000000, min=32.00, smin=32.00,    6, 33.000000,   2,  32.000000
  10, 32.000000, 32.000000, 32.000000, min=32.00, smin=32.00,    6, 33.000000,   2,  32.000000
  11, 32.000000, 32.000000, 32.000000, min=32.00, smin=32.00,    6, 33.000000,   2,  32.000000
  12, 32.000000, 32.000000, 32.000000, min=32.00, smin=32.00,    6, 33.000000,   2,  32.000000
  13, 32.000000, 32.000000, 32.000000, min=32.00, smin=32.00,    6, 33.000000,   2,  32.000000
  14, 32.000000, 32.000000, 32.000000, min=32.00, smin=32.00,    6, 33.000000,   2,  32.000000
  15, 32.000000, 32.000000, 32.000000, min=32.00, smin=32.00,    6, 33.000000,   2,  32.000000
  16, 32.000000, 32.000000, 32.000000, min=32.00, smin=32.00,    6, 33.000000,   2,  32.000000
  17, 38.000000, 38.000000, 32.600000, min=32.00, smin=32.00,   17, 38.000000,   1,  38.000000
  18, 32.000000, 32.000000, 32.000000, min=32.00, smin=32.00,   17, 38.000000,   1,  32.000000
  19, 32.000000, 32.000000, 32.000000, min=32.00, smin=32.00,   17, 38.000000,   1,  32.000000
  20, 32.000000, 32.000000, 32.000000, min=32.00, smin=32.00,   17, 38.000000,   1,  32.000000
  21, 32.000000, 32.000000, 32.000000, min=32.00, smin=32.00,   17, 38.000000,   1,  32.000000
  22, 34.000000, 34.000000, 32.200000, min=32.00, smin=32.00,   17, 38.000000,   1,  34.000000
  23, 32.000000, 32.000000, 32.000000, min=32.00, smin=32.00,   17, 38.000000,   1,  32.000000
  24, 32.000000, 32.000000, 32.000000, min=32.00, smin=32.00,   17, 38.000000,   1,  32.000000
  25, 32.000000, 32.000000, 32.000000, min=32.00, smin=32.00,   17, 38.000000,   1,  32.000000
  26, 32.000000, 32.000000, 32.000000, min=32.00, smin=32.00,   17, 38.000000,   1,  32.000000
  27, 32.000000, 32.000000, 32.000000, min=32.00, smin=32.00,   17, 38.000000,   1,  32.000000
  28, 32.000000, 32.000000, 32.000000, min=32.00, smin=32.00,   17, 38.000000,   1,  32.000000
  29, 32.000000, 32.000000, 32.000000, min=32.00, smin=32.00,   17, 38.000000,   1,  32.000000
  30, 32.000000, 32.000000, 32.000000, min=32.00, smin=32.00,   17, 38.000000,   1,  32.000000
  31, 32.000000, 32.000000, 31.900000, min=31.00, smin=31.00,   17, 38.000000,   1,  32.000000
  32, 32.000000, 32.000000, 32.000000, min=32.00, smin=32.00,   17, 38.000000,   1,  32.000000
  33, 32.000000, 32.000000, 32.000000, min=32.00, smin=32.00,   17, 38.000000,   1,  32.000000
  34, 32.000000, 32.000000, 32.000000, min=32.00, smin=32.00,   17, 38.000000,   1,  32.000000
  35, 32.000000, 32.000000, 32.000000, min=32.00, smin=32.00,   17, 38.000000,   1,  32.000000
  36, 32.000000, 32.000000, 32.000000, min=32.00, smin=32.00,   17, 38.000000,   1,  32.000000
  37, 32.000000, 32.000000, 32.000000, min=32.00, smin=32.00,   17, 38.000000,   1,  32.000000
  38, 32.000000, 32.000000, 32.000000, min=32.00, smin=32.00,   17, 38.000000,   1,  32.000000
  39, 33.000000, 33.000000, 31.700000, min=28.00, smin=28.00,   17, 38.000000,   1,  33.000000
  40, 32.000000, 32.000000, 32.000000, min=32.00, smin=32.00,   17, 38.000000,   1,  32.000000
  41, 32.000000, 32.000000, 32.000000, min=32.00, smin=32.00,   17, 38.000000,   1,  32.000000
  42, 32.000000, 32.000000, 32.000000, min=32.00, smin=32.00,   17, 38.000000,   1,  32.000000
  43, 33.000000, 33.000000, 32.100000, min=32.00, smin=32.00,   17, 38.000000,   1,  33.000000
  44, 32.000000, 32.000000, 32.000000, min=32.00, smin=32.00,   17, 38.000000,   1,  32.000000
  45, 32.000000, 32.000000, 32.000000, min=32.00, smin=32.00,   17, 38.000000,   1,  32.000000
  46, 32.000000, 32.000000, 32.000000, min=32.00, smin=32.00,   17, 38.000000,   1,  32.000000
  47, 32.000000, 32.000000, 32.000000, min=32.00, smin=32.00,   17, 38.000000,   1,  32.000000
  48, 32.000000, 32.000000, 32.000000, min=32.00, smin=32.00,   17, 38.000000,   1,  32.000000
  49, 32.000000, 32.000000, 32.000000, min=32.00, smin=32.00,   17, 38.000000,   1,  32.000000
  50, 32.000000, 32.000000, 32.000000, min=32.00, smin=32.00,   17, 38.000000,   1,  32.000000
